400, PA5-J-Unknown-Output.txt
   13.8920,   -10.7430,     7.1381,     8.8698,     2.7237,    -2.7372
    9.8934    -3.2893    64.2173     9.9089    -3.5031    64.2210     0.2145
  -14.0160     2.6062   -46.4632   -13.9814     2.8228   -46.4477     0.2199
    1.6553   -17.8042   -14.0243     1.5746   -17.7685   -14.0606     0.0954
  -20.8155   -11.2766   -53.2048   -20.8652   -11.0045   -53.2256     0.2774
   10.0025    13.4875    63.5464    10.1177    13.2777    63.5937     0.2440
   -4.4306    16.6286    33.0677    -4.3023    16.5842    33.1221     0.1462
  -34.1606   -30.8988   -36.1412   -34.3269   -30.5951   -36.2127     0.3535
  -23.6067   -21.2058    -6.4400   -23.7105   -21.0403    -6.4853     0.2006
  -23.4471     7.5850   -43.7172   -23.3840     7.8514   -43.6887     0.2752
   30.1446    -0.8288     5.5891    30.1711    -1.0104     5.5980     0.1837
   13.1156    24.8021    32.8776    13.2950    24.6553    32.9535     0.2439
    9.6512    10.3118    -4.9640     9.7397    10.2814    -4.9269     0.1007
  -33.2558    10.0920   -29.4516   -33.1777    10.3801   -29.4164     0.3006
  -27.4235    -1.1204    -9.3334   -27.4088    -0.9212    -9.3267     0.1999
    4.1309    16.5038    57.6068     4.2625    16.3448    57.6617     0.2135
  -37.5693     3.8588   -40.9076   -37.5301     4.2011   -40.8890     0.3451
  -21.0377   -35.5862   -27.5219   -21.2290   -35.3837   -27.6051     0.2907
   -1.2537    -4.3462    42.9398    -1.2484    -4.4387    42.9400     0.0927
  -39.6318     4.4780   -34.2852   -39.5885     4.8156   -34.2648     0.3409
    5.4427    17.5266    57.2338     5.5805    17.3610    57.2913     0.2230
  -27.7764    12.5183   -25.8694   -27.6826    12.7649   -25.8277     0.2672
  -30.9434   -34.4458   -23.5734   -31.1290   -34.1945   -23.6537     0.3225
   -8.9664     9.8646   -36.2476    -8.8868    10.0259   -36.2128     0.1832
   15.6285    -1.0619    62.3917    15.6579    -1.3047    62.4013     0.2448
   28.2239    15.0459   -10.6769    28.3426    14.9207   -10.6273     0.1795
   -5.7176   -25.8635   -35.3387    -5.8497   -25.7301   -35.3967     0.1965
   15.8615    26.5428    -6.9274    16.0471    26.4834    -6.8480     0.2105
   17.9249     4.4537    61.8618    17.9874     4.1996    61.8858     0.2628
   -3.3667    -7.9196   -26.2427    -3.3908    -7.8207   -26.2537     0.1025
  -21.6565     4.5901   -12.0886   -21.6074     4.7632   -12.0670     0.1812
   13.2106     4.4624   -22.3942    13.2629     4.4551   -22.3727     0.0571
  -11.9871   -32.6594   -33.4589   -12.1604   -32.4948   -33.5345     0.2506
    7.0412    -7.5807    49.9160     7.0292    -7.7413    49.9082     0.1612
   -5.4711     7.7346    13.5378    -5.3981     7.7455    13.5685     0.0800
  -16.7170   -26.9076   -10.0710   -16.8541   -26.7746   -10.1311     0.2003
   -6.1280     2.0334   -30.6528    -6.0939     2.1619   -30.6381     0.1338
  -39.6145    -6.5766   -11.0559   -39.6343    -6.3014   -11.0636     0.2760
   11.8386     3.2922   -22.3762    11.8838     3.2927   -22.3577     0.0488
    8.5745    22.3678    12.5076     8.7364    22.3005    12.5766     0.1885
  -13.3087     4.5259   -45.6086   -13.2625     4.7365   -45.5880     0.2165
  -38.1671   -26.7023   -37.1644   -38.3092   -26.3715   -37.2250     0.3652
   -3.0835     2.4901    53.5474    -3.0367     2.3820    53.5657     0.1191
   10.7496    -8.6013    15.1077    10.7282    -8.6937    15.0963     0.0955
   12.7103    -4.5584    45.9579    12.7166    -4.7419    45.9579     0.1835
  -29.0521   -35.0571   -25.4156   -29.2411   -34.8123   -25.4975     0.3199
   21.8945    22.9744    -7.2789    22.0598    22.8794    -7.2088     0.2032
  -33.8697   -27.9395   -40.3833   -34.0189   -27.6261   -40.4473     0.3530
  -14.7510   -23.5297    -8.8288   -14.8676   -23.4110    -8.8800     0.1741
   19.2966    25.3019    -4.8074    19.4756    25.2164    -4.7311     0.2126
   18.8024    11.6025    42.5309    18.9053    11.3946    42.5729     0.2357
    2.5209    -8.7692    55.3308     2.5018    -8.9171    55.3199     0.1496
   -6.9495   -19.5882    -5.8447    -7.0412   -19.5230    -5.8855     0.1197
  -38.0958   -16.8563    -8.5549   -38.1761   -16.5984    -8.5892     0.2723
  -21.9331    -3.4083   -52.9511   -21.9362    -3.1289   -52.9515     0.2795
   15.2645   -15.0457   -12.7662    15.2023   -15.0937   -12.7950     0.0837
  -17.0347   -30.2363   -43.7283   -17.1954   -30.0146   -43.7980     0.2826
   -1.4574    12.9468    39.9265    -1.3498    12.8663    39.9716     0.1417
  -29.9786   -21.5949   -49.7280   -30.0905   -21.2792   -49.7756     0.3383
   -3.7920     8.6940    -5.7808    -3.7152     8.7453    -5.7481     0.0980
   -0.2551   -23.7540   -30.5310    -0.3733   -23.6652   -30.5832     0.1569
    4.6838    15.1775    60.5930     4.8079    15.0073    60.6446     0.2169
  -32.1640     9.1565   -20.4887   -32.0902     9.4147   -20.4556     0.2705
    2.0197   -19.0997    -2.5366     1.9326   -19.0963    -2.5759     0.0956
    9.6306    23.8524     9.3160     9.8012    23.7874     9.3887     0.1965
   16.7308     0.1770    46.3518    16.7659    -0.0305    46.3642     0.2108
   15.8905    22.6638    34.6032    16.0578    22.4957    34.6737     0.2474
  -31.8162   -22.5912    -8.2972   -31.9297   -22.3723    -8.3463     0.2514
    9.7650    -6.9523    47.4327     9.7568    -7.1225    47.4265     0.1705
   29.3105     0.8845     8.0091    29.3474     0.7019     8.0225     0.1868
  -41.0953     4.2265   -28.2716   -41.0531     4.5571   -28.2517     0.3339
   -9.2725   -26.8406   -10.1393    -9.4081   -26.7517   -10.1991     0.1729
   -7.1897   -24.4606    -7.4640    -7.3105   -24.3905    -7.5176     0.1496
  -26.6132    -4.7639   -51.5560   -26.6249    -4.4605   -51.5599     0.3037
  -29.9899   -15.0100    -5.3366   -30.0577   -14.8083    -5.3659     0.2148
  -26.2444    14.0098   -30.3489   -26.1421    14.2593   -30.3034     0.2734
  -44.6557   -10.8837   -16.1992   -44.7024   -10.5659   -16.2183     0.3218
   23.5282   -14.6957    -9.6944    23.4696   -14.8007    -9.7221     0.1234
    0.6929    -6.5221    45.3968     0.6858    -6.6330    45.3915     0.1112
   -6.9467    28.9903    30.2953    -6.7457    28.9703    30.3817     0.2198
  -40.9995    -1.0500   -14.8859   -40.9870    -0.7556   -14.8794     0.2947
   19.5870    23.7608   -13.0116    19.7560    23.6946   -12.9395     0.1953
  -41.6455    -0.9186   -39.3755   -41.6352    -0.5568   -39.3693     0.3620
  -22.4231   -29.3545   -10.7678   -22.5757   -29.1862   -10.8344     0.2367
   16.3422    11.2695    60.7232    16.4448    11.0290    60.7648     0.2648
   20.9065   -13.9644    -3.4653    20.8526   -14.0699    -3.4910     0.1212
   17.7699    13.4338    46.9573    17.8841    13.2209    47.0041     0.2461
   30.4226     9.6565   -15.1748    30.5091     9.5290   -15.1393     0.1581
  -44.0854   -10.1321   -15.0258   -44.1274    -9.8206   -15.0429     0.3148
   20.5401    -3.7174   -26.5901    20.5444    -3.7588   -26.5899     0.0417
  -31.3544   -29.2015   -40.7290   -31.5108   -28.9023   -40.7961     0.3442
  -30.5821   -32.6543   -36.6092   -30.7584   -32.3710   -36.6852     0.3422
  -39.0972     0.4283   -42.1510   -39.0788     0.7824   -42.1414     0.3547
   13.5903    10.9689   -19.4900    13.6817    10.9529   -19.4515     0.1004
   -9.7616   -20.8123    -8.6376    -9.8613   -20.7233    -8.6817     0.1408
   22.8924    -8.1316   -22.3850    22.8713    -8.1987   -22.3961     0.0712
   28.9139     3.0872   -20.4680    28.9606     2.9813   -20.4498     0.1172
   19.1177     8.4962    40.4823    19.2019     8.2912    40.5162     0.2242
  -10.6138   -30.4211   -33.6243   -10.7736   -30.2639   -33.6941     0.2348
   15.1983    24.2129    32.4715    15.3745    24.0547    32.5460     0.2482
    4.6018   -18.9669    -8.6035     4.5152   -18.9631    -8.6427     0.0951
   -3.3112   -28.1688   -23.1478    -3.4553   -28.0818   -23.2113     0.1800
    9.8742    24.9568    12.2586    10.0518    24.8829    12.3343     0.2067
   -1.7516    13.1827    34.5843    -1.6432    13.1179    34.6299     0.1342
  -12.9466    13.2233   -35.8038   -12.8476    13.4077   -35.7603     0.2138
  -35.4161   -30.9175   -35.3009   -35.5826   -30.6086   -35.3724     0.3582
   24.4092    11.2004    19.1587    24.5079    11.0198    19.1991     0.2097
   20.0024     4.8004    30.7748    20.0638     4.6147    30.7988     0.1970
  -37.8771   -16.2502   -45.4197   -37.9580   -15.8978   -45.4534     0.3631
   -5.2340     0.2067    18.3390    -5.2051     0.2025    18.3504     0.0313
  -20.7469    -6.4897    -3.2505   -20.7625    -6.3469    -3.2574     0.1438
  -37.1929   -19.0407   -44.2280   -37.2901   -18.6959   -44.2690     0.3605
   20.7631    -7.6765    13.0346    20.7484    -7.8229    13.0257     0.1474
   -4.0917     0.0757   -25.7296    -4.0683     0.1790   -25.7198     0.1064
  -22.5347    14.4351   -36.9133   -22.4300    14.6796   -36.8668     0.2700
    2.6503    26.6988    20.5935     2.8380    26.6465    20.6739     0.2108
    0.0003    28.6091    23.3635     0.1993    28.5657    23.4489     0.2209
   -4.5446     3.3372   -22.2360    -4.5016     3.4348   -22.2177     0.1082
    5.0478     0.0233    65.2765     5.0824    -0.1639    65.2888     0.1908
    6.7027    -7.7660    34.1712     6.6878    -7.8836    34.1624     0.1189
   -4.1097    -3.9741   -28.3199    -4.1107    -3.8646   -28.3208     0.1095
   14.4977    25.8343    26.9038    14.6827    25.6950    26.9822     0.2445
   24.9269    -5.3587    10.3341    24.9263    -5.5224    10.3312     0.1637
  -19.7227   -29.8164   -12.8600   -19.8778   -29.6588   -12.9278     0.2313
   26.5916    14.9802     2.4120    26.7112    14.8308     2.4618     0.1978
   29.4279    -4.0648     1.1999    29.4346    -4.2313     1.2002     0.1666
  -24.0158   -20.3333    -6.4792   -24.1145   -20.1651    -6.5223     0.1997
    0.0823   -10.2687    16.0209     0.0495   -10.3004    16.0050     0.0483
   17.1287    21.9230    33.5372    17.2917    21.7502    33.6057     0.2472
  -28.9594     3.6709   -46.3120   -28.9207     3.9761   -46.2939     0.3082
    9.1783    -6.9460    50.0583     9.1704    -7.1195    50.0521     0.1738
   17.7248    19.6356    35.3927    17.8745    19.4540    35.4553     0.2435
  -25.5040    13.1727   -36.0352   -25.4071    13.4324   -35.9921     0.2805
  -32.4914     3.3123   -13.9638   -32.4516     3.5544   -13.9457     0.2461
  -34.0203   -10.6577    -7.6963   -34.0631   -10.4252    -7.7144     0.2371
   31.7743    -1.3602    -2.6036    31.7970    -1.5303    -2.5963     0.1718
   18.9528     2.9661    32.8749    19.0033     2.7809    32.8942     0.1930
    8.8446    -6.7854    45.0428     8.8370    -6.9438    45.0369     0.1587
  -21.5859   -27.5431   -48.0302   -21.7318   -27.2828   -48.0931     0.3050
   -2.2262     2.2670    41.7635    -2.1819     2.1844    41.7808     0.0953
   15.3844    21.7709    36.6551    15.5465    21.6004    36.7233     0.2450
  -22.1046   -28.0587    -9.9519   -22.2493   -27.8942   -10.0151     0.2280
   14.4323    20.7863    40.2180    14.5888    20.6120    40.2837     0.2433
   30.8862    -3.0992     1.7410    30.8990    -3.2756     1.7439     0.1769
    2.1447   -18.4466   -12.4282     2.0604   -18.4181   -12.4661     0.0967
  -22.9213    10.0432   -42.6333   -22.8434    10.3041   -42.5984     0.2745
    9.0311    -7.1303    28.2500     9.0196    -7.2464    28.2427     0.1168
    0.5174    -6.3181    33.4401     0.5101    -6.3969    33.4350     0.0793
   14.5023    20.9034    39.5373    14.6595    20.7304    39.6033     0.2428
  -19.5402   -10.4633   -53.5911   -19.5849   -10.1976   -53.6097     0.2700
   15.5028    26.8137     6.9313    15.6916    26.7205     7.0117     0.2254
   19.2974     2.3265   -27.9491    19.3373     2.2970   -27.9332     0.0521
   19.4079    -1.9604    21.2814    19.4279    -2.1191    21.2875     0.1601
   10.9731    21.7332    41.2795    11.1349    21.5769    41.3476     0.2351
   17.1059    26.0787    -1.0462    17.2896    25.9965    -0.9679     0.2160
   25.3425   -12.3931    -8.9194    25.2980   -12.5105    -8.9411     0.1274
   -1.9689     6.7809    62.1048    -1.8955     6.6448    62.1345     0.1575
   23.1064    14.6253    20.4530    23.2254    14.4497    20.5023     0.2178
   12.2594    12.0819    63.4257    12.3665    11.8588    63.4694     0.2514
   19.2941    18.5568    32.1795    19.4372    18.3740    32.2392     0.2397
    7.9478    21.5326    12.4491     8.1047    21.4691    12.5159     0.1820
   -3.7204    -1.3028    62.6051    -3.6953    -1.4312    62.6138     0.1311
  -15.1186    -8.6349     0.5142   -15.1457    -8.5357     0.5019     0.1036
    0.3496    11.0923    61.7621     0.4489    10.9441    61.8030     0.1831
   25.5293    -9.0556    -9.2188    25.5046    -9.1728    -9.2318     0.1204
  -32.5365   -22.5056    -8.6345   -32.6496   -22.2815    -8.6834     0.2557
  -20.1784   -33.8735   -18.3060   -20.3583   -33.6998   -18.3846     0.2622
  -18.1048   -15.8547   -53.0564   -18.1813   -15.5999   -53.0891     0.2680
   21.2042    -1.5203    17.7304    21.2267    -1.6803    17.7376     0.1618
   12.5043    25.5647   -12.8320    12.6830    25.5404   -12.7554     0.1959
    4.4453    22.8080    46.5844     4.6131    22.6769    46.6554     0.2245
   12.8946    23.0271    38.8425    13.0641    22.8659    38.9139     0.2446
    6.3911    19.5732    12.1330     6.5361    19.5194    12.1947     0.1665
   -2.6006    30.1903    39.5144    -2.3907    30.1207    39.6042     0.2387
   -9.2244    26.1690    29.9499    -9.0405    26.1629    30.0290     0.2003
  -43.6497   -13.0160   -38.3753   -43.7114   -12.6470   -38.4005     0.3750
   23.0847    -1.1311   -26.6540    23.1047    -1.1871   -26.6470     0.0599
   -3.0448     6.5641   -15.9188    -2.9816     6.6369   -15.8919     0.1001
   19.8785     3.9501    30.0388    19.9347     3.7669    30.0606     0.1929
   25.0874    -6.4702   -24.7932    25.0763    -6.5439   -24.8000     0.0748
   -8.2721   -20.4384    -8.3289    -8.3693   -20.3590    -8.3720     0.1327
   28.8627    11.9300    -1.2214    28.9641    11.7759    -1.1796     0.1891
  -31.8509    -8.0349   -51.0088   -31.8827    -7.7023   -51.0212     0.3343
   24.8688    19.1429    -1.5330    25.0125    19.0146    -1.4726     0.2018
    1.2223    30.2133    31.1425     1.4319    30.1428    31.2322     0.2387
  -32.0531    10.3114   -23.1304   -31.9727    10.5760   -23.0944     0.2788
  -32.1784    11.0782   -33.2313   -32.0947    11.3699   -33.1936     0.3058
  -24.1593   -16.8709   -52.3783   -24.2426   -16.5821   -52.4137     0.3027
   -0.2829    -8.7039    25.0311    -0.3054    -8.7565    25.0196     0.0584
  -30.6177   -31.4558   -39.0029   -30.7871   -31.1659   -39.0759     0.3437
   31.1801     8.0656   -14.4957    31.2574     7.9316   -14.4643     0.1579
    6.1882    -7.7789    48.0972     6.1747    -7.9297    48.0887     0.1516
   12.4772    26.0264    11.6250    12.6614    25.9388    11.7035     0.2185
  -41.2619   -25.4808   -22.7486   -41.3956   -25.1688   -22.8057     0.3442
    9.6025    25.1983    12.5503     9.7815    25.1253    12.6267     0.2078
    1.5942   -14.7540     6.4661     1.5338   -14.7707     6.4383     0.0685
  -37.6581   -26.6339   -17.4420   -37.7975   -26.3573   -17.5019     0.3155
  -32.6489   -34.1895   -31.3232   -32.8340   -33.9079   -31.4031     0.3463
   13.4956     5.2622    63.5795    13.5624     5.0301    63.6055     0.2429
  -15.7695    -8.3086     0.0034   -15.7948    -8.2042    -0.0081     0.1081
   13.5504     5.9100   -20.1250    13.6116     5.8950   -20.0996     0.0680
  -34.2873   -27.6700   -40.1633   -34.4349   -27.3546   -40.2265     0.3539
    6.0822    15.9466    60.3746     6.2110    15.7688    60.4282     0.2261
   17.0033    19.9782    36.1724    17.1550    19.7990    36.2359     0.2433
  -32.4591   -15.6333   -50.7743   -32.5361   -15.2991   -50.8066     0.3445
  -40.9124   -13.9188   -41.9810   -40.9795   -13.5569   -42.0086     0.3691
  -28.9421   -27.4296    -8.6645   -29.0839   -27.2276    -8.7262     0.2543
   -3.7049    -2.3728    53.7448    -3.6871    -2.4785    53.7505     0.1073
  -23.8063     2.5116   -49.0890   -23.7740     2.7932   -49.0738     0.2838
    0.8593    -8.9797    62.6196     0.8395    -9.1367    62.6084     0.1587
  -12.3601   -28.5317   -11.2700   -12.5064   -28.4217   -11.3343     0.1939
    2.6014   -18.1760   -11.9746     2.5188   -18.1513   -12.0118     0.0939
   26.5922    -3.4511   -23.7258    26.5993    -3.5359   -23.7247     0.0851
   28.5604    -3.0494     7.1184    28.5737    -3.2260     7.1215     0.1771
    1.2482    -3.5499   -21.8652     1.2512    -3.4890   -21.8647     0.0610
    4.1972   -12.7797   -18.5574     4.1461   -12.7465   -18.5807     0.0652
    3.5615   -12.0549    14.8140     3.5184   -12.1044    14.7935     0.0687
    6.9092    20.3629    50.3237     7.0633    20.2070    50.3885     0.2286
   14.3442    27.1442    22.5575    14.5365    27.0174    22.6392     0.2445
   -1.6966    14.3321    44.9336    -1.5802    14.2403    44.9824     0.1561
    3.1038   -16.3932   -15.0777     3.0315   -16.3632   -15.1104     0.0848
    8.7162    -8.6076    20.0576     8.6950    -8.7007    20.0463     0.0962
   -8.4590    10.2356   -19.2794    -8.3752    10.3500   -19.2431     0.1463
    0.2338    -6.8133   -22.4582     0.2172    -6.7453   -22.4661     0.0704
    1.4832    10.7216     3.3757     1.5739    10.7182     3.4141     0.0985
  -15.8723     7.4736   -45.6999   -15.8090     7.7002   -45.6717     0.2369
    8.2171    26.2439    20.1865     8.4029    26.1595    20.2657     0.2189
    8.7250   -13.8980     2.8044     8.6704   -13.9474     2.7789     0.0779
   -9.3062    -7.7048     6.5162    -9.3262    -7.6556     6.5066     0.0541
   16.0415    26.6671    22.1506    16.2312    26.5312    22.2311     0.2469
   -5.4625   -14.4841   -34.8199    -5.5269   -14.3516   -34.8483     0.1501
   13.7799    26.9514    21.7102    13.9709    26.8301    21.7914     0.2404
    5.1418    -8.0113    35.0373     5.1253    -8.1220    35.0279     0.1123
    8.6602    21.8327    11.9141     8.8189    21.7664    11.9817     0.1848
   -0.9373   -25.8059   -24.4950    -1.0672   -25.7290   -24.5524     0.1615
   15.7009    -1.3083   -25.2043    15.7190    -1.3242   -25.1978     0.0249
  -26.0425   -35.8737   -32.8731   -26.2369   -35.6277   -32.9573     0.3246
   16.1609    -1.3817   -25.5248    16.1786    -1.3995   -25.5186     0.0259
  -19.0766     5.5654   -47.2521   -19.0253     5.8147   -47.2289     0.2555
    1.6343   -18.4791   -13.3478     1.5496   -18.4451   -13.3858     0.0988
   20.1149    -5.2054    15.3237    20.1151    -5.3534    15.3212     0.1480
   27.8955    -5.2003    -9.2956    27.8941    -5.3306    -9.2986     0.1304
  -21.3515   -28.0589    -9.9661   -21.4961   -27.8988   -10.0293     0.2248
   23.3810    12.7000    21.3533    23.4887    12.5200    21.3976     0.2143
   18.4125     4.9882    43.3301    18.4762     4.7794    43.3549     0.2197
   11.2821    -6.9555    30.2365    11.2723    -7.0901    30.2298     0.1351
    7.5402    20.4440    11.6994     7.6905    20.3847    11.7633     0.1738
   11.4290     8.1337    63.6323    11.5125     7.9143    63.6658     0.2372
   -0.6207    19.1482    48.3835    -0.4751    19.0418    48.4450     0.1904
   14.9075    26.5547    -8.8523    15.0929    26.5059    -8.7730     0.2074
   22.9726    21.5904    11.9255    23.1321    21.4390    11.9927     0.2299
    0.2335    17.8969    18.0390     0.3683    17.8641    18.0964     0.1501
    3.2593    -6.0119   -20.4381     3.2481    -5.9670   -20.4439     0.0466
  -20.8049    -0.3827   -51.8312   -20.7897    -0.1123   -51.8236     0.2709
  -25.6692    -0.3435    -8.5397   -25.6496    -0.1566    -8.5309     0.1881
   23.4716     4.4227    20.0454    23.5299     4.2442    20.0682     0.1892
   23.7145    15.2104   -19.3248    23.8326    15.1345   -19.2751     0.1489
   10.9913    -6.5418    59.3994    10.9871    -6.7503    59.3946     0.2085
  -22.9106     3.8016   -48.2659   -22.8704     4.0760   -48.2474     0.2779
  -36.2365   -18.8661   -46.4246   -36.3328   -18.5213   -46.4652     0.3603
   24.0661    17.8074    11.8096    24.2032    17.6490    11.8669     0.2171
   17.7818    24.4411    25.5847    17.9590    24.2855    25.6596     0.2474
  -14.2018   -31.6945   -40.8050   -14.3705   -31.4975   -40.8784     0.2695
  -36.1342   -25.7094   -39.7047   -36.2704   -25.3838   -39.7629     0.3576
   10.2753    -7.2261    61.6486    10.2672    -7.4362    61.6421     0.2104
   -3.5726   -28.6417   -21.7634    -3.7194   -28.5568   -21.8281     0.1815
   -0.1088   -22.2854   -28.1026    -0.2180   -22.2034   -28.1510     0.1448
    2.5116    -8.6865    27.4969     2.4899    -8.7621    27.4855     0.0795
   21.5536    21.0633    17.7728    21.7104    20.9050    17.8387     0.2323
   -9.9687   -26.2784    -9.7613   -10.1010   -26.1862    -9.8196     0.1715
  -30.2948   -30.2100   -40.6158   -30.4570   -29.9175   -40.6856     0.3416
   27.7461    -1.9946   -21.3150    27.7623    -2.0923   -21.3100     0.0992
   13.7913    24.6630    33.8226    13.9701    24.5098    33.8982     0.2473
   30.7664    -1.1507     1.8096    30.7907    -1.3263     1.8175     0.1774
   17.9026    11.2219    48.4729    18.0037    11.0038    48.5141     0.2439
  -16.9540   -31.0055   -15.1277   -17.1161   -30.8587   -15.1986     0.2299
   10.9948    19.7541   -25.0734    11.1374    19.7695   -25.0122     0.1559
  -14.6360    14.3068   -34.7069   -14.5307    14.4987   -34.6606     0.2237
  -40.6856     1.8338   -37.6134   -40.6586     2.1858   -37.6000     0.3533
   17.5476    10.1451    52.3347    17.6427     9.9189    52.3732     0.2483
  -37.8835   -30.5502   -29.9533   -38.0476   -30.2404   -30.0238     0.3576
  -15.1514   -34.3682   -33.9662   -15.3353   -34.1838   -34.0464     0.2725
   16.2195    24.5511   -16.1138    16.3924    24.5131   -16.0398     0.1918
    8.5096    22.7271    12.7366     8.6737    22.6597    12.8065     0.1907
    4.7743    19.2677    13.6603     4.9174    19.2195    13.7212     0.1628
    8.8507    10.5344    -4.4415     8.9405    10.5074    -4.4037     0.1011
  -38.6173   -26.6361   -18.6612   -38.7570   -26.3506   -18.7212     0.3235
   18.5061    22.5465   -16.7223    18.6673    22.4961   -16.6535     0.1824
  -34.3238   -33.3263   -30.2646   -34.5039   -33.0374   -30.3422     0.3492
  -36.2305   -12.7151   -48.7291   -36.2905   -12.3632   -48.7537     0.3578
  -13.0296   -26.9824    -9.9308   -13.1666   -26.8717    -9.9910     0.1862
  -26.2459     1.4224   -49.5226   -26.2205     1.7194   -49.5103     0.2984
    1.9636    13.3560    61.0314     2.0766    13.2005    61.0782     0.1978
   -6.5894     4.0650   -32.6279    -6.5435     4.2018   -32.6080     0.1457
   16.8815    26.4813    -6.3398    17.0670    26.4143    -6.2606     0.2126
  -36.6643   -17.5336   -46.6464   -36.7527   -17.1854   -46.6835     0.3611
   -1.8483    -9.8608    17.3534    -1.8789    -9.8844    17.3386     0.0413
   10.3462    -6.7874    63.2852    10.3409    -7.0022    63.2799     0.2149
   10.9433   -14.0930     0.5064    10.8876   -14.1496     0.4803     0.0836
    0.4753    -9.6375    21.6400     0.4470    -9.6860    21.6259     0.0579
   10.7614    25.4776    12.8275    10.9422    25.3970    12.9046     0.2124
   12.4595    21.1547    42.9663    12.6182    20.9850    43.0331     0.2418
   -1.4883    10.0650    45.9908    -1.3971     9.9684    46.0286     0.1381
   27.7491    -3.5837   -19.2786    27.7561    -3.6870   -19.2777     0.1035
   14.8347    26.9722    10.4440    15.0247    26.8739    10.5250     0.2288
  -45.6334   -12.4144   -18.8899   -45.6896   -12.0841   -18.9130     0.3359
    4.1099    17.9384    55.0443     4.2497    17.7865    55.1029     0.2146
   -3.8869   -24.2019    -4.6481    -4.0055   -24.1587    -4.7008     0.1367
    6.4376    -7.7994    50.8948     6.4243    -7.9589    50.8864     0.1603
  -17.3094   -16.6070    -5.3883   -17.3849   -16.4809    -5.4215     0.1507
    9.9873     2.8264   -19.5579    10.0297     2.8305   -19.5406     0.0460
  -21.0131   -33.7705   -17.2278   -21.1925   -33.5946   -17.3061     0.2631
  -10.3083    24.8490    38.1503   -10.1315    24.8278    38.2261     0.1936
   -5.3827     0.5534    17.2651    -5.3519     0.5529    17.2773     0.0332
  -33.9917     5.9653   -41.2622   -33.9396     6.2877   -41.2381     0.3275
   -1.8203    14.1254    37.2681    -1.7060    14.0541    37.3162     0.1430
    4.5315    -3.1609    64.5392     4.5470    -3.3437    64.5432     0.1835
    1.4174     8.9504    -8.3666     1.4963     8.9775    -8.3332     0.0898
   25.4106    -0.3886    12.9047    25.4399    -0.5610    12.9149     0.1751
  -23.2136     7.1034   -44.5739   -23.1534     7.3706   -44.5467     0.2752
    7.3439     9.3504    -6.2798     7.4262     9.3369    -6.2452     0.0903
   26.6307    -7.4529   -10.9603    26.6155    -7.5718   -10.9693     0.1202
    9.8878    21.5337    -1.1819    10.0435    21.4940    -1.1155     0.1738
   -5.5245     1.8050    16.1427    -5.4864     1.8085    16.1581     0.0413
   13.4650    25.9451   -11.3398    13.6463    25.9113   -11.2621     0.2001
  -23.9872   -27.8806   -47.5958   -24.1354   -27.6072   -47.6596     0.3175
  -23.7548   -31.5774   -40.4741   -23.9241   -31.3245   -40.5474     0.3131
  -28.9527   -33.7027   -36.1152   -29.1349   -33.4305   -36.1939     0.3368
   18.0655    11.1930    47.5286    18.1664    10.9765    47.5697     0.2424
   -8.9009   -29.8698   -29.2925    -9.0567   -29.7339   -29.3607     0.2177
    8.6242    -7.5312    63.5484     8.6142    -7.7365    63.5411     0.2057
   -2.5569    -3.6884    48.2775    -2.5473    -3.7870    48.2796     0.0990
  -10.3722    21.6092    30.2615   -10.2155    21.6083    30.3287     0.1705
  -14.3852   -29.6139   -42.3322   -14.5417   -29.4115   -42.4002     0.2647
    4.9304    18.4789    56.0845     5.0736    18.3195    56.1445     0.2226
   25.4947    16.0310   -17.0422    25.6182    15.9388   -16.9902     0.1626
   11.7152     9.9918    -4.5567    11.8022     9.9480    -4.5203     0.1040
    6.6932    10.8209    -3.0399     6.7845    10.8031    -3.0014     0.1007
    9.9578    20.3591    48.2592    10.1120    20.1905    48.3239     0.2376
   -5.3477     4.3964   -24.3493    -5.2988     4.5044   -24.3283     0.1204
  -31.3394    -4.8610   -50.7750   -31.3522    -4.5315   -50.7792     0.3297
    8.7847    -7.1063    34.6872     8.7741    -7.2376    34.6802     0.1319
   14.0831    25.4456    29.2721    14.2661    25.3026    29.3497     0.2448
   10.9209    -6.4665    42.1113    10.9152    -6.6296    42.1062     0.1633
   -4.8801   -13.4230   -26.5878    -4.9372   -13.3151   -26.6131     0.1247
   28.4878    11.4494   -19.2634    28.5843    11.3443   -19.2234     0.1481
    5.9034   -13.1645     9.0558     5.8535   -13.2131     9.0322     0.0736
   23.8577     1.3757    16.6055    23.8976     1.2033    16.6203     0.1776
  -41.6571   -12.3127   -40.5308   -41.7145   -11.9499   -40.5542     0.3681
   -2.5541    -3.2477    32.0785    -2.5438    -3.3042    32.0813     0.0574
  -24.4946    13.7483   -24.5479   -24.3929    13.9722   -24.5029     0.2500
   14.5021     6.0149   -21.3139    14.5640     5.9973   -21.2883     0.0692
    1.4059    20.6790    18.6643     1.5574    20.6380    18.7290     0.1698
   25.5346    17.9183     2.2292    25.6715    17.7762     2.2866     0.2055
   -5.7119   -20.3693    -6.9259    -5.8082   -20.3087    -6.9688     0.1216
  -25.5923    -8.0053    -6.2452   -25.6180    -7.8261    -6.2562     0.1813
   11.6665     9.9838    63.4676    11.7611     9.7637    63.5058     0.2426
    8.6699     8.5731    63.6371     8.7557     8.3701    63.6716     0.2231
  -37.8966    -0.0331   -43.8009   -37.8809     0.3181   -43.7925     0.3516
  -17.4512   -32.3559   -40.0660   -17.6242   -32.1416   -40.1411     0.2855
  -36.4877   -17.1952   -47.1608   -36.5742   -16.8467   -47.1970     0.3609
   11.4297     9.0184    -7.3882    11.5105     8.9834    -7.3544     0.0943
   18.1743   -15.4562    -7.8765    18.1107   -15.5343    -7.9063     0.1050
    3.1155     9.1245    -6.9672     3.1957     9.1379    -6.9333     0.0882
   20.4257    13.5811    31.8391    20.5394    13.3916    31.8859     0.2259
   10.5898    17.6138     2.3119    10.7227    17.5602     2.3682     0.1540
  -30.6911   -31.3554   -16.1385   -30.8574   -31.1244   -16.2106     0.2936
    6.8878   -10.1757   -19.6705     6.8525   -10.1552   -19.6870     0.0441
    0.5267     3.9706   -16.3580     0.5749     4.0229   -16.3378     0.0739
  -16.3860   -23.3478   -50.8676   -16.5065   -23.1102   -50.9196     0.2714
   18.0101    26.4291    14.7656    18.1979    26.3006    14.8453     0.2411
   11.8510    23.1390   -22.7118    12.0141    23.1438   -22.6418     0.1775
  -17.4873   -29.8447   -44.1125   -17.6458   -29.6192   -44.1812     0.2840
  -36.7241   -15.6010   -47.6114   -36.8012   -15.2496   -47.6436     0.3611
   -5.5994    27.6450    42.3510    -5.4048    27.5854    42.4342     0.2199
    2.0654   -12.2532   -18.8936     2.0171   -12.2063   -18.9156     0.0708
   11.9434     8.3657   -14.8267    12.0195     8.3469   -14.7948     0.0847
   -1.9009   -16.0945     0.0413    -1.9704   -16.0739     0.0098     0.0791
   22.4828    22.4664    -8.4714    22.6451    22.3710    -8.4026     0.2004
  -32.7438   -34.2137   -26.6358   -32.9286   -33.9437   -26.7156     0.3367
  -46.8122   -14.5802   -33.3787   -46.8831   -14.2056   -33.4079     0.3823
   29.0004    -2.9659   -13.9405    29.0119    -3.0904   -13.9378     0.1250
    4.3169   -18.6667    -1.5355     4.2329   -18.6794    -1.5736     0.0932
  -44.4378    -2.3299   -22.5992   -44.4344    -1.9953   -22.5962     0.3346
   12.1906    22.0795    39.6243    12.3544    21.9202    39.6933     0.2387
  -31.3848     4.8140   -44.2138   -31.3394     5.1284   -44.1927     0.3183
  -32.9809   -16.9127   -50.3442   -33.0656   -16.5768   -50.3797     0.3483
   10.8854    -4.3222    63.8981    10.8949    -4.5413    63.8991     0.2193
   -2.6547   -21.3800   -35.5798    -2.7598   -21.2633   -35.6260     0.1636
  -38.7807    -3.2881   -43.5312   -38.7844    -2.9329   -43.5313     0.3552
    0.5550   -20.8751   -17.6059     0.4555   -20.8241   -17.6503     0.1203
  -18.7527    13.6648   -37.0404   -18.6520    13.8870   -36.9958     0.2480
   15.9864    12.7796    59.4328    16.0978    12.5448    59.4783     0.2639
   -2.3444   -10.8038    12.1653    -2.3811   -10.8112    12.1479     0.0414
   -0.3352     3.8824   -16.6033    -0.2876     3.9404   -16.5834     0.0776
  -17.6514   -26.0461    -9.0160   -17.7834   -25.9101    -9.0739     0.1981
   23.4699    17.8043    14.5480    23.6072    17.6424    14.6054     0.2199
   20.9836     4.6636    26.5087    21.0437     4.4831    26.5322     0.1917
  -31.0943     9.4126   -37.7100   -31.0208     9.7092   -37.6767     0.3073
    6.6771    18.6845    54.7685     6.8217    18.5182    54.8290     0.2286
   28.8020    -4.3547    -7.1018    28.8059    -4.4960    -7.1025     0.1413
