150, PA5-B-Debug-Output.txt
 -128.3913,   192.6320,   -63.3672,   -27.6947,    -6.9230,    -6.7149
   16.3183   -12.1167    -2.3475    16.3214   -12.1110    -2.3564     0.0110
   37.8826     1.2189    -0.7284    37.8836     1.2303    -0.7494     0.0240
   -5.2448     0.9496   -26.8018    -5.2629     0.9548   -26.7937     0.0204
   -2.5971    -8.7238   -38.4194    -2.6202    -8.7153   -38.4154     0.0250
  -10.1624    -4.2814   -45.8790   -10.1921    -4.2733   -45.8690     0.0324
    4.0509    -3.3372    49.6001     4.0868    -3.3463    49.6029     0.0372
  -28.7332   -14.3357   -49.4913   -28.7630   -14.3320   -49.4706     0.0365
   20.9827    19.3882     3.9232    20.9812    19.3940     3.9176     0.0082
   -0.0082    13.2115    -8.1386    -0.0168    13.2141    -8.1312     0.0117
    7.1594    19.6741    -9.0774     7.1485    19.6790    -9.0737     0.0126
  -24.7405   -12.2803    -7.9680   -24.7423   -12.2847    -7.9486     0.0200
   19.1692   -10.4853    -2.1983    19.1720   -10.4788    -2.2088     0.0127
   -6.7764   -24.0382   -40.8854    -6.7968   -24.0304   -40.8817     0.0222
   33.0062     1.6327    11.5627    33.0154     1.6400    11.5454     0.0209
   10.2178    -5.3458    19.3225    10.2337    -5.3465    19.3198     0.0161
    3.9267    16.8610   -13.9628     3.9132    16.8661   -13.9575     0.0154
   -3.4621     9.2897    60.7809    -3.4224     9.2761    60.7917     0.0434
   -6.8881     5.4013   -21.8986    -6.9041     5.4051   -21.8884     0.0194
   -6.5910     1.1811   -34.2359    -6.6142     1.1876   -34.2271     0.0257
   -3.1011    11.7735    53.4285    -3.0671    11.7617    53.4393     0.0376
  -28.3882     9.1600   -36.4281   -28.4158     9.1610   -36.4026     0.0377
   13.0219    -5.5733    42.0313    13.0535    -5.5783    42.0272     0.0323
   -4.6315   -17.8358    -9.4503    -4.6322   -17.8344    -9.4460     0.0046
   -5.4950     0.1099    41.2362    -5.4660     0.1000    41.2461     0.0321
  -33.3259    -2.4661   -46.6199   -33.3574    -2.4642   -46.5935     0.0410
    2.2479    16.4192    43.3138     2.2737    16.4111    43.3216     0.0282
  -40.4412   -10.8131   -43.8451   -40.4685   -10.8139   -43.8154     0.0403
   12.0550    20.5156    11.7465    12.0583    20.5172    11.7476     0.0038
    8.6432    -0.1528    65.8677     8.6895    -0.1642    65.8683     0.0477
  -47.5357   -11.4247   -33.9028   -47.5562   -11.4296   -33.8681     0.0406
    1.5614    19.1362    15.5154     1.5674    19.1341    15.5236     0.0103
   -1.6763   -11.6810     0.8186    -1.6716   -11.6809     0.8223     0.0060
  -35.9987   -20.7886   -17.3173   -36.0047   -20.7941   -17.2920     0.0265
   26.3320    10.7127    59.9257    26.3716    10.7075    59.9161     0.0410
   -8.8624   -26.6274   -22.3247    -8.8694   -26.6243   -22.3196     0.0092
   -2.0381    -9.8365     8.4411    -2.0288    -9.8382     8.4457     0.0106
   -7.6934     3.2810   -34.6484    -7.7176     3.2874   -34.6383     0.0269
   32.0253   -12.8318   -22.6901    32.0152   -12.8173   -22.7105     0.0271
   27.4169     8.9646    45.9443    27.4475     8.9628    45.9332     0.0325
   -2.3833     0.0029   -25.5532    -2.4001     0.0087   -25.5473     0.0187
   33.7580    -8.3019    -4.4005    33.7591    -8.2909    -4.4207     0.0231
   10.7200   -13.0716    -0.8303    10.7243   -13.0678    -0.8354     0.0077
  -35.6471     6.3331   -24.6298   -35.6660     6.3295   -24.5995     0.0359
  -35.2321     3.5084   -39.9702   -35.2608     3.5083   -39.9411     0.0408
    6.1227    19.0860    23.7811     6.1345    19.0833    23.7863     0.0131
   14.0609    -8.1305     8.5877    14.0704    -8.1278     8.5815     0.0116
   -5.1743     0.4413   -27.2480    -5.1925     0.4467   -27.2401     0.0205
  -13.2896    -6.8711     4.6117   -13.2840    -6.8751     4.6246     0.0146
   33.0876    -1.1374    11.0767    33.0972    -1.1299    11.0588     0.0217
    2.0048   -10.9316    10.7750     2.0162   -10.9327    10.7766     0.0116
   25.5801    11.7519    63.1067    25.6215    11.7458    63.0979     0.0428
   -7.2114    17.2744    37.5977    -7.1900    17.2650    37.6121     0.0275
   18.8809   -13.1010   -35.0168    18.8620   -13.0873   -35.0284     0.0261
   35.2420    -4.0222    -8.8393    35.2389    -4.0098    -8.8598     0.0242
  -28.7801     9.0369   -36.7743   -28.8080     9.0380   -36.7485     0.0380
   32.7329    10.1644   -12.0050    32.7234    10.1769   -12.0210     0.0224
    7.0103     2.7469   -15.0535     7.0001     2.7530   -15.0533     0.0118
  -40.3336     1.4142   -32.2694   -40.3565     1.4110   -32.2370     0.0397
   18.4030    -9.1708     3.0612    18.4091    -9.1657     3.0516     0.0124
   25.8636     9.7764    28.8932    25.8821     9.7780    28.8829     0.0212
  -19.7552    22.4745    22.9868   -19.7457    22.4649    23.0106     0.0273
    5.4553   -16.8165   -11.5026     5.4532   -16.8118   -11.5051     0.0057
   -4.3167   -10.1065   -41.9477    -4.3419   -10.0977   -41.9429     0.0271
   13.9821    20.1648    36.2148    14.0023    20.1615    36.2150     0.0205
  -15.2622   -24.6720   -46.2440   -15.2864   -24.6653   -46.2346     0.0268
   14.0832    -5.1919    25.8434    14.1037    -5.1930    25.8382     0.0211
  -13.4030     8.4202   -34.0146   -13.4284     8.4249   -33.9996     0.0299
   21.9177    -5.5958   -32.1120    21.8987    -5.5819   -32.1242     0.0265
  -15.4605    23.7891    26.4716   -15.4488    23.7799    26.4928     0.0258
   29.5296    12.4944   -12.2820    29.5192    12.5061   -12.2953     0.0206
  -10.3020     0.3082    24.0851   -10.2850     0.3008    24.0979     0.0225
    4.0928   -15.2607    -7.6979     4.0928   -15.2572    -7.6990     0.0037
   22.1605    13.0216    22.6492    22.1737    13.0235    22.6420     0.0151
  -13.5382     5.4458    25.2392   -13.5220     5.4372    25.2553     0.0243
   16.4238    19.8174    13.2422    16.4284    19.8199    13.2402     0.0056
    3.1647    18.9170    18.9238     3.1731    18.9146    18.9309     0.0112
   18.8692    16.4757    55.8862    18.9041    16.4694    55.8828     0.0356
   -1.6377    -2.9083   -27.8566    -1.6553    -2.9019   -27.8518     0.0193
    3.1200   -19.6094   -25.1973     3.1093   -19.6023   -25.1991     0.0130
  -17.0709    23.2892    27.6091   -17.0584    23.2792    27.6313     0.0273
   11.4556   -13.0773   -25.3703    11.4430   -13.0679   -25.3766     0.0169
   -0.3813    19.2140    14.9178    -0.3758    19.2115    14.9273     0.0112
  -34.6239   -20.1022   -15.1904   -34.6287   -20.1078   -15.1659     0.0255
   -6.9221   -20.2657   -43.5187    -6.9455   -20.2573   -43.5142     0.0253
  -28.8873     6.5801   -18.1178   -28.9016     6.5770   -18.0920     0.0297
   -7.0076     9.3572    41.5745    -6.9812     9.3469    41.5873     0.0311
  -31.5708   -23.5377   -14.8503   -31.5742   -23.5425   -14.8286     0.0225
  -32.8531   -26.4077   -42.2804   -32.8746   -26.4068   -42.2592     0.0302
   32.5497    -9.8342   -10.6025    32.5470    -9.8221   -10.6223     0.0234
   -2.0918    16.8589    37.8719    -2.0699    16.8508    37.8827     0.0257
    7.6000    16.8903   -28.8154     7.5764    16.8996   -28.8131     0.0256
   12.3984    16.5699   -27.4110    12.3759    16.5803   -27.4120     0.0248
  -33.5143   -29.0903   -37.1146   -33.5314   -29.0907   -37.0933     0.0274
   -8.1082   -21.4459   -11.7128    -8.1095   -21.4450   -11.7069     0.0061
  -23.0354    -9.6393    -7.1041   -23.0373    -9.6434    -7.0853     0.0193
   13.9029    -7.5448    59.5760    13.9471    -7.5534    59.5714     0.0454
   25.8876    17.6351    -1.1146    25.8832    17.6434    -1.1241     0.0133
    6.9772   -13.1214    -2.1297     6.9805   -13.1183    -2.1323     0.0052
   34.3402    11.3454     0.7804    34.3392    11.3556     0.7639     0.0194
    3.6053    -3.6646   -25.9584     3.5895    -3.6571   -25.9574     0.0176
  -38.9456   -22.2455   -38.0433   -38.9655   -22.2472   -38.0169     0.0332
  -15.1279    -6.0829   -49.8057   -15.1600    -6.0754   -49.7928     0.0354
   29.3681     1.7422    42.7448    29.3985     1.7416    42.7309     0.0335
   -8.9209    15.4554    39.0068    -8.8981    15.4452    39.0220     0.0293
   13.8182    20.2337    10.9013    13.8210    20.2360    10.9010     0.0036
  -33.6045     4.3216   -19.5700   -33.6193     4.3174   -19.5414     0.0325
   19.3950     1.9201   -32.1809    19.3737     1.9333   -32.1899     0.0267
   -5.8012    -5.3858    21.2016    -5.7844    -5.3914    21.2100     0.0196
  -30.6288    -0.4476   -46.9605   -30.6610    -0.4449   -46.9357     0.0407
   -7.8687     9.0196    -0.8614    -7.8713     9.0185    -0.8492     0.0125
  -45.9588   -18.2453   -36.9239   -45.9794   -18.2491   -36.8918     0.0383
  -11.2931     7.1396   -34.5818   -11.3185     7.1450   -34.5685     0.0291
   -1.9471    12.6692    -2.1725    -1.9516    12.6700    -2.1637     0.0099
  -26.4286     3.6905   -16.4920   -26.4409     3.6877   -16.4684     0.0268
   -1.6845    13.8048    49.7700    -1.6536    13.7942    49.7802     0.0342
  -30.9965   -29.3612   -20.2439   -31.0020   -29.3647   -20.2240     0.0210
  -38.0825     0.9195   -38.7317   -38.1096     0.9183   -38.7012     0.0408
    3.2722     9.8215   -20.9173     3.2558     9.8279   -20.9132     0.0180
   17.1775   -17.0409   -17.7530    17.1715   -17.0315   -17.7638     0.0155
  -25.6809    -7.0901   -50.4392   -25.7134    -7.0853   -50.4192     0.0385
  -34.8182     6.9641   -23.9730   -34.8368     6.9606   -23.9432     0.0354
   20.4507    16.0018    48.6078    20.4808    15.9975    48.6031     0.0308
  -31.1831   -11.5091   -49.0868   -31.2135   -11.5061   -49.0639     0.0382
   25.0824    13.9264   -23.6005    25.0636    13.9394   -23.6108     0.0250
    0.7156    11.3715   -24.0371     0.6966    11.3778   -24.0310     0.0209
  -31.1012   -18.5187   -48.5573   -31.1293   -18.5158   -48.5359     0.0354
  -31.8869   -24.9600   -16.0399   -31.8907   -24.9646   -16.0184     0.0224
   25.9976    -6.0389    35.0618    26.0250    -6.0388    35.0485     0.0304
   26.4765    -3.4978    63.3367    26.5225    -3.5038    63.3242     0.0481
   25.0065     9.1464   -29.3368    24.9852     9.1606   -29.3481     0.0280
   -2.8487    16.4979    39.9695    -2.8253    16.4891    39.9808     0.0274
  -34.4211    -6.3822   -12.3073   -34.4279    -6.3883   -12.2801     0.0287
   -6.9444    11.0752    40.9066    -6.9190    11.0651    40.9197     0.0304
    1.0072     4.9949   -13.4410     0.9974     4.9990   -13.4361     0.0117
    2.9725    -3.0787    45.7370     3.0057    -3.0873    45.7405     0.0344
  -32.4606    -8.0075   -11.8709   -32.4666    -8.0131   -11.8454     0.0268
   31.4918    -1.8075   -29.8995    31.4735    -1.7915   -29.9175     0.0303
   -5.8981   -23.6989   -18.4940    -5.9033   -23.6958   -18.4903     0.0071
   33.7223    -7.4111    -9.7976    33.7195    -7.3989    -9.8177     0.0237
   17.7388   -15.5481   -11.5789    17.7367   -15.5400   -11.5897     0.0137
  -18.6190   -27.1398   -45.4720   -18.6420   -27.1343   -45.4608     0.0262
   19.8364    20.3321    -0.8709    19.8312    20.3386    -0.8757     0.0096
  -35.0344   -25.5036   -40.7740   -35.0552   -25.5036   -40.7510     0.0310
   18.5213   -13.7300   -33.4478    18.5036   -13.7168   -33.4593     0.0249
  -11.2396     8.1717    31.6989   -11.2197     8.1624    31.7141     0.0267
   12.6779   -17.2991   -13.9202    12.6745   -17.2919   -13.9279     0.0111
   -4.7311    20.5022    22.4016    -4.7210    20.4968    22.4146     0.0173
    5.3790    16.8647    44.6995     5.4057    16.8572    44.7053     0.0284
   19.2618    -2.4776   -31.6440    19.2422    -2.4645   -31.6538     0.0255
    4.3013    -1.8908   -23.4510     4.2867    -1.8836   -23.4500     0.0163
