400, PA5-E-Debug-Output.txt
 -112.6304,   140.0262,   -40.3412,     2.5057,   -88.4503,    11.6892
  -39.2577   -18.6559   -44.3996   -39.3571   -18.5390   -44.2801     0.1944
  -45.9861   -17.4297   -24.8837   -45.9841   -17.5365   -24.7016     0.2112
  -22.1318   -24.6064   -45.4911   -22.1850   -24.3588   -45.5323     0.2566
   -7.4031    -8.9417   -41.5608    -7.5484    -8.6137   -41.5589     0.3587
    9.0524    14.3024   -33.0527     8.7838    14.6863   -32.9512     0.4794
   23.0263     1.3249    33.2095    23.2481     1.2070    33.1420     0.2600
    2.0762    15.6528   -16.7306     1.8892    15.8400   -16.5652     0.3119
   21.3194    17.0000   -21.6107    21.1012    17.3715   -21.5585     0.4340
  -10.1557   -22.6762   -28.3349   -10.1194   -22.4948   -28.4275     0.2068
   -8.5350    -2.9166    49.4709    -8.1983    -3.4122    49.5754     0.6082
  -38.4663    -5.0766   -14.7140   -38.4975    -5.2134   -14.4685     0.2828
   26.3917     9.3755   -21.4363    26.2353     9.7780   -21.4820     0.4342
   -0.1045    -8.0094    37.9210     0.2076    -8.3428    37.9226     0.4566
   -7.6755    16.1746    37.7957    -7.5534    15.8009    38.0536     0.4702
  -37.8916    -3.6207   -14.8947   -37.9348    -3.7509   -14.6404     0.2890
  -34.6338   -29.2368   -26.5452   -34.5461   -29.2529   -26.5377     0.0895
   -7.2785     4.6388    67.5088    -6.8948     3.9943    67.6791     0.7691
    2.8763    13.8091   -16.9794     2.7024    14.0033   -16.8352     0.2979
   -5.4854     9.8755    -7.9185    -5.5796     9.9253    -7.7507     0.1988
   -4.1635    15.0687    55.1945    -3.9305    14.5634    55.4289     0.6038
    8.6523     0.4986   -21.1860     8.5588     0.7651   -21.1951     0.2826
  -21.5252     6.5289   -25.0237   -21.6992     6.6143   -24.7908     0.3029
    1.7671    -9.0571    18.4005     1.9745    -9.2020    18.3718     0.2546
  -28.0631     7.6472   -31.8905   -28.2882     7.7475   -31.6097     0.3735
  -40.1170   -23.8034   -20.2901   -40.0370   -23.9125   -20.1980     0.1637
    8.5730     1.6841   -20.7553     8.4728     1.9468   -20.7536     0.2812
  -21.6610   -25.5107   -15.3068   -21.5317   -25.5316   -15.3444     0.1363
   22.9195     2.8359    34.0519    23.1344     2.7105    33.9986     0.2545
   19.8841    20.1985     0.7743    19.7708    20.3601     0.8739     0.2210
    6.9150    -8.5429   -24.6613     6.8704    -8.2628   -24.7389     0.2941
   10.5829   -13.4497   -23.0005    10.5871   -13.1607   -23.1430     0.3223
   35.5369     0.8574     2.7958    35.5905     1.1036     2.6302     0.3015
  -32.6428    -7.7425   -48.3692   -32.8468    -7.5358   -48.1998     0.3362
    3.1750    18.1729    61.4076     3.4230    17.6667    61.6250     0.6042
  -23.4279   -13.3180    -6.8240   -23.3439   -13.4213    -6.7412     0.1567
    8.1898    21.1103     0.9166     8.0657    21.1861     1.0985     0.2329
    2.4897    -8.3132    50.7682     2.8797    -8.7434    50.7567     0.5808
   -0.7185    -7.7133    41.0831    -0.3906    -8.0794    41.0926     0.4916
  -11.5252    -4.7037    31.2473   -11.2818    -5.0581    31.3467     0.4413
  -32.0342   -28.9822   -38.2322   -32.0153   -28.8741   -38.2447     0.1104
   23.8234    -8.2354   -24.8400    23.7819    -7.8307   -25.0226     0.4459
  -23.1734   -31.7121   -34.8576   -23.1105   -31.5716   -34.9483     0.1787
  -18.7445   -25.0363   -43.9322   -18.7840   -24.7783   -43.9979     0.2691
   27.9310    -6.9444   -17.3780    27.9245    -6.5764   -17.5720     0.4161
   28.4008    -8.7938     4.0743    28.5334    -8.6164     3.8716     0.3003
   13.0213    18.6188    25.3138    13.0600    18.5089    25.4551     0.1832
   21.1107     7.1548    46.8822    21.3662     6.9033    46.8837     0.3585
  -14.1006    -8.6684     9.8139   -13.9522    -8.8510     9.8853     0.2459
   20.1985    12.8854    35.6702    20.3444    12.7313    35.7215     0.2183
  -39.8718   -26.1331   -30.3289   -39.8320   -26.1514   -30.2632     0.0789
   32.7098    -1.5847    -6.7469    32.7256    -1.2746    -6.9201     0.3556
  -38.1295     4.4023   -26.6725   -38.3031     4.3808   -26.3531     0.3641
   25.0793     6.3032    21.0880    25.1931     6.3120    21.0446     0.1221
   29.5506     6.9944     9.2955    29.5923     7.1421     9.2239     0.1693
  -11.8351     5.8359    44.0732   -11.5986     5.3698    44.2715     0.5591
    6.7008    -0.7702    66.1714     7.1238    -1.3042    66.2056     0.6821
  -31.5951    -7.6645   -48.4135   -31.7995    -7.4498   -48.2500     0.3385
  -25.6220   -31.9222   -34.5762   -25.5567   -31.8022   -34.6531     0.1568
   11.3585    18.5270    34.5237    11.4508    18.3221    34.6793     0.2732
   21.5302    11.2216    32.5893    21.6715    11.1040    32.6163     0.1858
    5.8570    12.2197   -29.3622     5.6246    12.5460   -29.2566     0.4143
   29.0317    -6.5805    -2.4822    29.1094    -6.3383    -2.6730     0.3180
  -18.1051     0.5967    33.8466   -17.8900     0.1741    34.0348     0.5101
   24.1579    18.7730    -1.3476    24.0449    18.9838    -1.2885     0.2464
    8.9363    -5.2858    66.7365     9.3982    -5.8112    66.7178     0.6999
   11.2383    -8.2421    13.6498    11.4156    -8.2750    13.5656     0.1990
    2.5209    20.4771    -6.0203     2.3592    20.5738    -5.8112     0.2815
  -32.2097   -29.7232   -22.1848   -32.0920   -29.7612   -22.1949     0.1241
    8.8320    18.8541    66.4158     9.1060    18.3444    66.6056     0.6091
   16.5852    18.3848    14.9516    16.5669    18.3939    15.0633     0.1136
   -3.0314    -7.5662    44.1703    -2.6876    -7.9768    44.1973     0.5362
  -16.4279     0.7788    38.7222   -16.1852     0.3246    38.9037     0.5459
    3.8187    -7.6445    34.5087     4.1097    -7.9185    34.4868     0.4003
  -24.0571   -31.9277   -29.6522   -23.9626   -31.8405   -29.7367     0.1538
   21.3012    17.4052   -21.1071    21.0828    17.7722   -21.0511     0.4308
   -9.4774    -5.5894    42.9403    -9.1585    -6.0346    43.0247     0.5541
   22.2591    19.6119    -1.7001    22.1368    19.8126    -1.6219     0.2477
  -27.0915     2.1549   -16.3793   -27.1837     2.1197   -16.1446     0.2546
  -12.2321   -19.8042   -15.8603   -12.1463   -19.7485   -15.9090     0.1133
  -13.8206    13.9622    32.4678   -13.7149    13.5906    32.7432     0.4745
  -11.4550     9.8645    13.8355   -11.4250     9.6753    14.0516     0.2888
  -36.6968   -20.4865   -13.7004   -36.6027   -20.6282   -13.5984     0.1984
    4.9530    12.5238   -23.9086     4.7496    12.7947   -23.7920     0.3582
   14.1264   -11.0151     2.7199    14.2626   -10.9303     2.5882     0.2076
   13.8300    21.0773   -16.2976    13.6083    21.3489   -16.1601     0.3766
  -18.4490     0.8970     2.5103   -18.4184     0.7539     2.6883     0.2304
    0.6237   -13.2435   -25.8805     0.6058   -13.0007   -25.9592     0.2559
    0.5031    17.6081    51.0802     0.6944    17.1750    51.3048     0.5240
    9.9950   -15.0675   -20.8384    10.0241   -14.8031   -20.9900     0.3062
   20.1828    -2.3636    36.2202    20.4494    -2.5312    36.1405     0.3248
   14.8037    -9.3043   -26.2350    14.7588    -8.9532   -26.3701     0.3789
  -39.4489   -12.7860   -13.6063   -39.4147   -12.9442   -13.4204     0.2465
  -33.5048     6.3254   -24.9146   -33.6812     6.3227   -24.6072     0.3544
   18.9935    15.6545    25.5680    19.0588    15.5840    25.6460     0.1237
  -32.0284     6.2062   -35.1819   -32.2630     6.3065   -34.8899     0.3878
   -9.6069    15.2379    32.2388    -9.5107    14.8996    32.4982     0.4370
   25.3762    11.6153    12.2640    25.3979    11.7086    12.2602     0.0958
  -25.0475     3.1693   -16.8769   -25.1496     3.1539   -16.6467     0.2523
    0.7311    -8.1737    50.7523     1.1193    -8.6165    50.7532     0.5889
   -2.6103    14.7823    -5.9766    -2.7298    14.8382    -5.7838     0.2336
   22.2626     3.7164    38.1932    22.4946     3.5494    38.1536     0.2885
   -8.6320   -19.2818   -22.7601    -8.5889   -19.1376   -22.8305     0.1661
  -24.2678   -11.7323    -6.6000   -24.1951   -11.8427    -6.4982     0.1669
  -35.4648   -17.0170   -11.1814   -35.3823   -17.1705   -11.0561     0.2146
  -43.2283   -21.8626   -35.5274   -43.2529   -21.8562   -35.4061     0.1240
   17.0587    18.3908    12.2604    17.0249    18.4276    12.3679     0.1185
   19.2802     0.7073    56.3795    19.6398     0.3535    56.3417     0.5059
    7.3909    -8.3492    14.8392     7.5744    -8.4208    14.7791     0.2059
  -37.9300   -27.5351   -27.5924   -37.8628   -27.5647   -27.5498     0.0849
  -43.9336    -9.6240   -39.9897   -44.0787    -9.5758   -39.7606     0.2755
   13.2607    20.1176   -25.1216    12.9949    20.4639   -24.9930     0.4551
   -6.5256   -12.5751     0.1128    -6.4005   -12.6176     0.0978     0.1330
  -39.6820   -11.4688   -45.2575   -39.8419   -11.3433   -45.0739     0.2739
  -28.5352   -24.5410   -13.8502   -28.4075   -24.6243   -13.8350     0.1532
  -20.1529    -0.8003    -3.6393   -20.1456    -0.9014    -3.4681     0.1990
  -39.0565   -15.5152   -45.9586   -39.1890   -15.3811   -45.8142     0.2375
   -5.6874    -8.4904    40.5295    -5.3586    -8.8881    40.5637     0.5170
   25.7598    14.7496     8.1011    25.7333    14.8848     8.1198     0.1391
  -44.1614   -21.6390   -25.6231   -44.1306   -21.7283   -25.4892     0.1639
  -37.0504    -5.2712   -13.8709   -37.0747    -5.4055   -13.6357     0.2720
  -14.9603     4.0185    -0.6973   -14.9710     3.9313    -0.5161     0.2013
  -43.9481   -19.2289   -33.2182   -43.9799   -19.2470   -33.0685     0.1541
    4.3242    12.9171   -17.8458     4.1527    13.1291   -17.7189     0.3007
  -35.3746   -12.7846   -10.5277   -35.3209   -12.9410   -10.3662     0.2311
   25.5364    17.0940   -10.7089    25.3825    17.3981   -10.6775     0.3423
   -2.4222    -4.4852   -27.0340    -2.5156    -4.2492   -27.0184     0.2542
  -37.1011   -16.2375   -46.3875   -37.2298   -16.0858   -46.2619     0.2353
  -10.4868   -19.8468   -38.9805   -10.5343   -19.5706   -39.0517     0.2892
   22.7041     9.2822    27.7191    22.8325     9.2158    27.7196     0.1446
   17.2035    21.1171   -10.5148    17.0165    21.3612   -10.3957     0.3298
  -21.2985   -11.7991   -49.8909   -21.4756   -11.4986   -49.8292     0.3541
   16.1543   -12.5498    -3.4360    16.2674   -12.3957    -3.5967     0.2497
  -34.3760   -28.7173   -21.9336   -34.2654   -28.7726   -21.9211     0.1243
   22.9366     5.2029    32.0187    23.1215     5.0973    31.9846     0.2157
   -2.2200     7.2418   -14.4117    -2.3303     7.3722   -14.2904     0.2095
  -12.3459   -22.7576   -42.1979   -12.3904   -22.4675   -42.2839     0.3058
   16.4717    -9.3918   -26.6384    16.4258    -9.0250   -26.7851     0.3977
  -11.1237     5.4486    45.8890   -10.8733     4.9711    46.0804     0.5721
   31.0310     9.4076   -11.2232    30.9355     9.7519   -11.2932     0.3641
  -30.4356   -14.5060   -10.8902   -30.3688   -14.6242   -10.7751     0.1780
   20.6353    18.4517   -21.2526    20.4078    18.8159   -21.1834     0.4349
   23.6057     6.3942   -29.4182    23.4248     6.8466   -29.4756     0.4906
  -27.6660    -2.3799   -47.7161   -27.9055    -2.1400   -47.5317     0.3859
   25.5215    15.5916     7.2013    25.4832    15.7337     7.2284     0.1496
    8.0677    -7.6434    58.0558     8.4971    -8.0983    58.0182     0.6267
   21.6605    19.7643    -7.6090    21.5025    20.0139    -7.5284     0.3062
   14.0963   -17.0920   -11.9703    14.1940   -16.8787   -12.1612     0.3025
   -1.9521    -6.7635    63.8353    -1.4998    -7.3426    63.8717     0.7357
  -23.4050     2.1432   -16.5370   -23.4966     2.1361   -16.3259     0.2302
   -8.9550     0.5526    51.4180    -8.6339     0.0384    51.5560     0.6217
  -27.6147     7.1901   -36.2031   -27.8611     7.3322   -35.9311     0.3935
  -47.7297   -11.1982   -27.7196   -47.7929   -11.2887   -27.4740     0.2692
  -38.8322    -5.1685   -14.8438   -38.8636    -5.3068   -14.5968     0.2849
  -30.7986    -5.9636   -47.8513   -31.0125    -5.7473   -47.6780     0.3502
  -44.4142   -18.3864   -31.2899   -44.4415   -18.4247   -31.1291     0.1676
  -33.0432   -26.0563   -42.6447   -33.0729   -25.9143   -42.6277     0.1461
   -3.6490    15.0803    -3.0803    -3.7545    15.1028    -2.8770     0.2301
  -30.8779   -30.8563   -26.0456   -30.7734   -30.8505   -26.0758     0.1090
  -39.7211     0.7169   -38.2539   -39.9342     0.7860   -37.9617     0.3682
   -4.6898    13.4580    65.1156    -4.3869    12.8588    65.3442     0.7093
    0.8177   -15.4285   -15.7173     0.8756   -15.2769   -15.8112     0.1875
  -10.2783     5.1529    49.3801   -10.0050     4.6500    49.5652     0.6015
   14.8415   -14.0196    -5.3965    14.9540   -13.8583    -5.5625     0.2574
    3.4960    21.5703    -3.4685     3.3411    21.6518    -3.2549     0.2762
  -37.8961   -14.0097   -47.3298   -38.0477   -13.8540   -47.1804     0.2637
  -13.1985   -23.5186   -19.5091   -13.1057   -23.4391   -19.5854     0.1440
  -13.0572    10.4622    17.4017   -13.0117    10.2296    17.6348     0.3324
  -39.2802   -25.9391   -35.7693   -39.2733   -25.9041   -35.7083     0.0707
  -45.3483    -8.6448   -20.9482   -45.3909    -8.7775   -20.6925     0.2911
   20.6241     9.0607    51.2775    20.8902     8.7672    51.3006     0.3969
   -6.2377    -3.7459    56.9803    -5.8501    -4.2928    57.0667     0.6758
   21.0673     3.2290    43.3480    21.3325     3.0068    43.3143     0.3476
    9.7756    -1.1638    66.1632    10.2028    -1.6756    66.1744     0.6668
   28.4359    -7.3511   -11.5881    28.4664    -7.0316   -11.7861     0.3770
   18.3039     5.4819    65.6137    18.6800     5.0406    65.6276     0.5800
   19.7807    -6.3666    19.6848    19.9819    -6.3907    19.5653     0.2352
  -42.4459    -2.4314   -37.8199   -42.6332    -2.3878   -37.5373     0.3419
  -45.0491   -19.4648   -31.0053   -45.0666   -19.5109   -30.8496     0.1633
  -17.5424     3.6877   -15.7354   -17.6390     3.7169   -15.5479     0.2129
   -4.9605    16.7426    10.0978    -5.0027    16.6380    10.3301     0.2582
  -21.3150     1.3175   -14.2312   -21.3861     1.3044   -14.0394     0.2049
    3.8255   -11.4297   -25.8774     3.7948   -11.1627   -25.9609     0.2814
   -6.4360   -17.8065   -16.9088    -6.3695   -17.6981   -16.9777     0.1446
  -31.2665   -29.9018   -36.4743   -31.2300   -29.8045   -36.4988     0.1067
    1.5802    -7.7317   -26.6137     1.5159    -7.4723   -26.6514     0.2699
   21.1761    17.0820     9.7804    21.1395    17.1701     9.8492     0.1177
    3.2974    10.7392   -13.3176     3.1687    10.9018   -13.2007     0.2381
    2.5109    17.6646    23.8828     2.5445    17.4908    24.0821     0.2666
  -12.5374    10.0270    16.3034   -12.4948     9.8079    16.5290     0.3174
  -33.8898   -29.8605   -29.0122   -33.8113   -29.8494   -29.0160     0.0794
   36.2440     3.1140    -8.6689    36.2138     3.4697    -8.8250     0.3896
  -10.0412   -22.3755   -28.3965   -10.0076   -22.1926   -28.4873     0.2069
   26.7251    12.7815   -14.7320    26.5815    13.1280   -14.7472     0.3754
  -19.0034     3.1725    24.4135   -18.8634     2.8296    24.6250     0.4265
  -46.3617   -19.6172   -28.3679   -46.3632   -19.6967   -28.2039     0.1822
    6.8269    10.1044   -27.1527     6.6240    10.4167   -27.0704     0.3814
   -4.5990    -9.7639   -32.1781    -4.6824    -9.5005   -32.1966     0.2770
   -7.6279   -14.0851   -39.8611    -7.7238   -13.7770   -39.9013     0.3252
   35.2871     1.5784     0.4244    35.3212     1.8445     0.2655     0.3118
  -10.9234    10.6625    12.1107   -10.9094    10.4931    12.3295     0.2770
   15.9092    -9.9015   -26.5798    15.8674    -9.5396   -26.7273     0.3930
  -40.9624   -21.2542   -18.7667   -40.8935   -21.3817   -18.6465     0.1883
   -1.4943    -6.8865    67.2111    -1.0213    -7.4928    67.2452     0.7697
   15.4997    20.8564   -18.1962    15.2693    21.1571   -18.0722     0.3986
  -16.7473    -0.9172   -44.9532   -16.9778    -0.6221   -44.8244     0.3960
  -12.5634   -17.3783   -11.6216   -12.4718   -17.3618   -11.6452     0.0960
  -20.8072   -31.6043   -30.0402   -20.7162   -31.4899   -30.1428     0.1786
   22.8272     0.6922    33.0335    23.0527     0.5741    32.9618     0.2645
  -29.4978     7.2855   -32.4366   -29.7237     7.3801   -32.1501     0.3770
   14.7715    -6.4882    29.6422    15.0295    -6.6383    29.5582     0.3101
  -33.1131    -5.5210   -14.6384   -33.1384    -5.6199   -14.4306     0.2315
  -19.6726     2.4594   -14.6659   -19.7543     2.4628   -14.4750     0.2078
    2.7705     5.2179   -16.4863     2.6657     5.4021   -16.4151     0.2236
  -45.2235    -5.1776   -35.9956   -45.3802    -5.1721   -35.7181     0.3187
  -13.0556     4.0586   -22.4813   -13.1925     4.1811   -22.3223     0.2429
   17.3454    13.8614   -29.3693    17.1048    14.2721   -29.3225     0.4783
  -39.3269    -9.7969   -44.9752   -39.4979    -9.6705   -44.7793     0.2892
  -20.0533     5.7822   -22.6297   -20.2070     5.8563   -22.4115     0.2770
   -0.5611   -12.8582    -3.9500    -0.4551   -12.8210    -4.0074     0.1261
   21.4871    10.6680    32.7439    21.6335    10.5484    32.7666     0.1905
  -17.0493   -29.8573   -31.2943   -16.9775   -29.7034   -31.4063     0.2034
    8.3639    18.7921    12.5489     8.3253    18.7633    12.7153     0.1732
    6.0982    -8.1070    63.9281     6.5645    -8.6293    63.9017     0.7007
    6.5549    18.2130    22.3705     6.5771    18.0824    22.5481     0.2215
  -14.1712    -5.3776    15.6842   -14.0141    -5.6116    15.7872     0.3001
   14.3112    18.8349   -27.2750    14.0432    19.2074   -27.1652     0.4719
  -34.3963    -7.8636   -47.2257   -34.5934    -7.6800   -47.0456     0.3240
   25.2402     2.8263    23.5302    25.3950     2.8124    23.4570     0.1718
    9.7767    20.8217   -16.5937     9.5537    21.0665   -16.4328     0.3681
    5.7308   -15.5590   -17.1573     5.7834   -15.3589   -17.2843     0.2428
  -17.8035    11.3707    24.7061   -17.7245    11.0385    24.9808     0.4382
  -38.1091   -22.4198   -16.0311   -38.0142   -22.5518   -15.9378     0.1875
   17.2374     4.4134   -33.4479    17.0459     4.8547   -33.4838     0.4824
   -5.1740   -12.5342     6.7659    -5.0100   -12.6267     6.7458     0.1893
  -35.4803   -26.8647   -39.9765   -35.4892   -26.7648   -39.9497     0.1038
  -30.8876     6.1420   -22.4734   -31.0474     6.1362   -22.1831     0.3314
   17.7513    20.5762    -2.4817    17.6153    20.7517    -2.3668     0.2500
  -30.4412   -25.0103   -44.4125   -30.4882   -24.8329   -44.4038     0.1837
   23.0023    -4.9774    20.3463    23.1979    -4.9833    20.2186     0.2337
   -3.3949   -10.6546    27.7028    -3.1231   -10.9215    27.6976     0.3809
    8.6045    19.4137    50.4304     8.7813    19.0463    50.6187     0.4491
   15.5028     1.8894   -30.3324    15.3481     2.2887   -30.3775     0.4306
   -8.7647    -8.2865    37.5663    -8.4560    -8.6797    37.6204     0.5028
   -7.5816     0.4367    60.3557    -7.2073    -0.1480    60.4882     0.7068
  -17.3248     1.7423    12.9496   -17.2396     1.5140    13.1327     0.3048
  -22.2903   -30.5707   -22.1090   -22.1618   -30.5378   -22.1894     0.1552
   18.1495    -8.3873     8.0469    18.2981    -8.3197     7.9148     0.2099
   18.7308    -0.5205    61.8363    19.1314    -0.9281    61.7940     0.5730
  -10.8664   -10.5443    11.8761   -10.6903   -10.7230    11.9118     0.2534
   -3.1550    -6.1501    64.5599    -2.7037    -6.7442    64.6096     0.7477
   23.1922     9.7399    24.4300    23.2982     9.7069    24.4298     0.1110
  -38.0976   -13.8672   -47.1299   -38.2493   -13.7147   -46.9779     0.2634
  -16.9635   -28.2900   -37.7904   -16.9416   -28.0762   -37.8926     0.2380
   -8.6730    -5.0778   -39.2061    -8.8349    -4.7781   -39.1617     0.3435
   -0.0110    17.1365    38.2728     0.1093    16.8146    38.4904     0.4067
  -15.2311     3.8138    -3.3252   -15.2557     3.7481    -3.1454     0.1930
  -14.4538     4.5886    -1.5705   -14.4738     4.5133    -1.3881     0.1984
   14.5089    -9.7695     4.7022    14.6472    -9.6990     4.5798     0.1977
   -8.1677   -12.0359     4.9554    -8.0193   -12.1336     4.9577     0.1777
   19.7375     1.5406    53.6901    20.0752     1.2148    53.6553     0.4706
  -34.7820   -29.1704   -32.7880   -34.7312   -29.1313   -32.7820     0.0644
   22.0568   -10.0723     0.3541    22.1751    -9.9081     0.1790     0.2677
  -16.1517   -26.1278   -40.4418   -16.1615   -25.8830   -40.5318     0.2610
   15.8093   -13.6645    -5.3846    15.9196   -13.4960    -5.5537     0.2629
    9.2595     4.8388   -23.1388     9.1215     5.1298   -23.1154     0.3228
   20.7050   -11.4615   -14.7301    20.7459   -11.1723   -14.9159     0.3462
   20.0239    -3.9876    32.0617    20.2787    -4.1199    31.9670     0.3023
   -7.0385     2.5617   -24.3911    -7.1726     2.7443   -24.2843     0.2505
  -28.6437     7.4740   -32.7696   -28.8728     7.5778   -32.4871     0.3783
  -17.0844     2.8946    -9.9995   -17.1413     2.8751    -9.8190     0.1903
   18.8981    -9.7968     1.4058    19.0192    -9.6649     1.2536     0.2350
   18.9873   -11.5502    -3.4889    19.0935   -11.3746    -3.6591     0.2666
   14.7053     0.2190   -26.8628    14.5833     0.5803   -26.9156     0.3850
   19.6331     2.6509    61.9429    20.0102     2.2507    61.9222     0.5503
   -9.1524     6.8282    63.5726    -8.8092     6.2067    63.7717     0.7373
   -2.8102     0.1511   -24.3984    -2.9241     0.3631   -24.3392     0.2479
    0.4288    15.5789   -13.5762     0.2602    15.7257   -13.3995     0.2850
   25.3999     7.2003    17.9908    25.4889     7.2398    17.9516     0.1049
   18.9803    -1.8980    52.8093    19.3391    -2.2234    52.7493     0.4881
   -9.8190   -12.3498   -45.5612    -9.9623   -12.0053   -45.5753     0.3734
  -10.0905   -15.6822   -43.5719   -10.1966   -15.3594   -43.6120     0.3421
   18.0315    -1.7928    57.9378    18.4190    -2.1711    57.8871     0.5439
  -45.4742    -4.3622   -34.2115   -45.6269    -4.3741   -33.9245     0.3253
   24.5596    17.4600   -13.1267    24.3884    17.7790   -13.0871     0.3642
  -27.4399    -6.1986   -11.7870   -27.4412    -6.2824   -11.6198     0.1870
  -44.6159    -4.8254   -36.9704   -44.7808    -4.8065   -36.6942     0.3222
  -10.5268     2.9484   -29.9167   -10.6974     3.1556   -29.7870     0.2981
   29.0117    12.6922   -10.4871    28.8943    13.0171   -10.5156     0.3466
  -18.3880     4.1814   -42.1676   -18.6423     4.4424   -41.9831     0.4084
   -0.0043   -11.6612    10.0727     0.1742   -11.7455    10.0288     0.2022
   34.7257     0.9916     5.6152    34.7942     1.2066     5.4572     0.2754
   31.6209    -1.2323   -17.6601    31.5702    -0.8317   -17.8286     0.4375
  -41.9135   -23.7464   -23.4297   -41.8528   -23.8403   -23.3272     0.1517
   19.4645    12.8739    50.0133    19.6934    12.5854    50.0761     0.3736
  -40.3896    -2.8228   -41.0497   -40.5920    -2.7354   -40.7851     0.3444
   -2.0560   -12.6011    -2.9387    -1.9467   -12.5838    -2.9839     0.1195
   28.0591    14.9319    -9.2781    27.9311    15.2402    -9.2806     0.3339
   -1.9054   -10.2017    24.5405    -1.6549   -10.4290    24.5282     0.3385
  -39.5494    -1.2165   -17.2270   -39.6254    -1.3364   -16.9425     0.3180
   35.7553     3.7771     2.7944    35.7864     4.0265     2.6526     0.2886
   21.5845     1.1826    40.8276    21.8510     0.9857    40.7718     0.3361
  -22.8478   -31.7548   -30.2242   -22.7575   -31.6537   -30.3152     0.1633
   27.2920    14.8794   -11.7542    27.1497    15.2044   -11.7535     0.3548
   -2.4787    14.7728    -6.5012    -2.6012    14.8344    -6.3096     0.2356
   14.7417    -4.9282    57.3812    15.1488    -5.3271    57.3241     0.5728
  -29.4250   -26.8388   -42.7196   -29.4477   -26.6702   -42.7324     0.1705
  -10.3308   -23.2909   -33.1219   -10.3177   -23.0681   -33.2210     0.2442
  -19.8989     7.4830    32.8160   -19.7436     7.0605    33.0744     0.5190
   18.7168     7.1059   -33.1672    18.5067     7.5569   -33.1892     0.4980
  -23.7326   -31.7117   -27.6033   -23.6277   -31.6405   -27.6870     0.1519
  -31.9386     6.3440   -35.7579   -32.1776     6.4502   -35.4656     0.3922
   -7.4096    -5.9925   -35.8399    -7.5445    -5.7144   -35.8098     0.3105
   18.6513    14.6131    51.7625    18.8767    14.3040    51.8462     0.3916
   26.7282    14.3963     7.9757    26.7040    14.5395     7.9852     0.1455
  -43.8357    -3.6627   -22.2618   -43.9238    -3.7699   -21.9735     0.3199
  -44.1902    -2.3350   -24.8341   -44.3036    -2.4208   -24.5334     0.3327
   16.2519    16.6958    55.1268    16.4799    16.3402    55.2453     0.4387
  -42.9312   -23.7659   -31.6654   -42.9186   -23.7931   -31.5606     0.1091
   30.3085    -4.1626   -18.9782    30.2722    -3.7614   -19.1642     0.4438
  -19.1852     4.7474    22.8774   -19.0663     4.4179    23.1029     0.4166
    7.7779    18.1230    36.0748     7.8809    17.8781    36.2504     0.3185
   12.7476    -6.8815    29.1609    13.0050    -7.0422    29.0862     0.3125
   -2.3199    14.1105    66.8236    -2.0113    13.5135    67.0436     0.7072
   25.4427    11.6999   -21.1806    25.2694    12.0945   -21.2001     0.4314
    0.9394   -10.6911   -27.6605     0.8915   -10.4286   -27.7201     0.2734
   20.6100    -0.4147   -32.2929    20.4637     0.0380   -32.3913     0.4858
   -6.8453     0.8208    64.7918    -6.4478     0.2017    64.9251     0.7476
    0.7997    20.1901     0.0726     0.6750    20.2195     0.2932     0.2551
   -8.3191   -12.5073    -0.2805    -8.1975   -12.5593    -0.2837     0.1323
  -23.4023    -7.2179   -48.9168   -23.6098    -6.9390   -48.8018     0.3662
  -32.5957   -14.6556   -10.6056   -32.5269   -14.7921   -10.4779     0.1992
  -40.8883    -0.3374   -36.9065   -41.0859    -0.2896   -36.6153     0.3551
  -36.5298   -27.1751   -20.9413   -36.4261   -27.2542   -20.9014     0.1363
  -23.3285   -15.8397    -8.4968   -23.2348   -15.9286    -8.4372     0.1422
  -12.2746   -26.4537   -34.0998   -12.2435   -26.2380   -34.2142     0.2461
    1.0205    -8.3555   -27.2724     0.9569    -8.0945   -27.3122     0.2715
   19.7087    20.2175   -16.6454    19.4939    20.5344   -16.5528     0.3939
   -3.5212   -17.4383   -18.6786    -3.4667   -17.2927   -18.7637     0.1772
   27.9109    14.5793     7.1809    27.8811    14.7383     7.1841     0.1618
  -47.7933   -11.0433   -27.4451   -47.8561   -11.1367   -27.1977     0.2718
  -35.6222   -28.8529   -30.3306   -35.5598   -28.8419   -30.3154     0.0651
   -7.5208   -15.2885   -38.5059    -7.5995   -14.9924   -38.5565     0.3105
  -30.2104     5.4484   -19.3510   -30.3465     5.4191   -19.0696     0.3140
  -20.1996   -22.1474   -45.9241   -20.2735   -21.8804   -45.9566     0.2789
   19.7851   -12.2778    -5.8777    19.8833   -12.0753    -6.0604     0.2899
   12.9197   -11.9805   -26.2709    12.8945   -11.6442   -26.4171     0.3675
  -14.7331   -10.4619     2.8539   -14.6116   -10.5875     2.9106     0.1837
  -11.5612     3.4519   -29.2048   -11.7318     3.6454   -29.0638     0.2941
  -28.2635   -29.9033   -20.7574   -28.1346   -29.9256   -20.7934     0.1357
   30.3643     5.9802   -14.7630    30.2744     6.3496   -14.8600     0.3924
   15.3592    14.7706   -30.7273    15.1030    15.1796   -30.6607     0.4872
   27.7302    16.7275     0.9846    27.6478    16.9421     1.0045     0.2308
   19.6573    19.7785   -19.0292    19.4321    20.1162   -18.9413     0.4154
   12.8456   -11.7121     2.8195    12.9873   -11.6378     2.6900     0.2058
   -6.2951    -9.2981    36.5774    -5.9833    -9.6650    36.6066     0.4824
   -1.7772   -12.1550     8.0920    -1.6071   -12.2345     8.0542     0.1915
   18.5328    17.4944    14.0135    18.5166    17.5256    14.1047     0.0977
   -7.2912    -7.8571   -39.3056    -7.4318    -7.5480   -39.2940     0.3397
  -12.2701     8.0966     7.5666   -12.2632     7.9569     7.7697     0.2466
   -0.3301    -8.1626    37.5783    -0.0189    -8.4946    37.5798     0.4550
  -33.5095   -11.5519   -48.0041   -33.6823   -11.3570   -47.8618     0.2969
   29.9541    -1.4315   -22.4705    29.8763    -0.9999   -22.6324     0.4675
   -1.2491    15.0186   -10.1470    -1.3942    15.1220    -9.9628     0.2563
   32.9430    -2.2263    -3.1655    32.9846    -1.9470    -3.3440     0.3340
   28.0257    15.2876    -6.0406    27.9138    15.5668    -6.0383     0.3008
  -22.3218    -0.6566   -46.5307   -22.5656    -0.3876   -46.3649     0.3991
    6.5134    16.8754    67.1795     6.8062    16.3408    67.3673     0.6378
   19.9094     6.8724    62.6598    20.2583     6.4701    62.6741     0.5327
  -14.2740   -20.0687   -14.9300   -14.1815   -20.0363   -14.9675     0.1049
  -24.2358   -20.5344   -10.5364   -24.1181   -20.6141   -10.5125     0.1441
   21.5418     2.3122    41.7361    21.8049     2.1074    41.6907     0.3365
   28.6832     9.4172   -15.4407    28.5622     9.7824   -15.4977     0.3890
  -10.4283     6.7133    48.1484   -10.1743     6.2212    48.3473     0.5884
  -34.8826    -1.6190   -12.4576   -34.9260    -1.7481   -12.2039     0.2879
   12.0798    20.8863   -16.4293    11.8582    21.1462   -16.2824     0.3719
    6.0375    17.9560    32.3704     6.1196    17.7316    32.5538     0.3012
   20.7379     4.1457    50.1419    21.0353     3.8605    50.1214     0.4126
    3.6293   -12.1584     5.3681     3.7856   -12.1743     5.2946     0.1735
   -5.1194     0.4784    67.4430    -4.7032    -0.1522    67.5637     0.7651
  -26.4360   -28.9378   -18.0113   -26.2979   -28.9710   -18.0493     0.1471
   -0.9072    16.4068    62.7286    -0.6395    15.8581    62.9574     0.6520
   34.5889     0.3939   -12.7365    34.5554     0.7726   -12.9074     0.4169
  -11.5977   -22.4840   -42.5197   -11.6459   -22.1855   -42.6083     0.3151
  -33.3529     5.4350   -19.6369   -33.4918     5.3854   -19.3357     0.3354
   16.9197     8.4801   -33.9646    16.6937     8.9260   -33.9637     0.4999
  -14.1915   -11.4703     0.2694   -14.0769   -11.5692     0.3127     0.1574
   27.0249    -8.4532    -0.4078    27.1283    -8.2452    -0.6010     0.3021
  -34.6911   -13.4576   -47.3033   -34.8456   -13.2786   -47.1695     0.2717
   -8.6427    10.0917     3.6375    -8.6726    10.0148     3.8328     0.2120
   18.5680    -2.9362    42.7590    18.8764    -3.1747    42.6878     0.3963
   19.2615    -1.5932    49.8648    19.6010    -1.8898    49.8041     0.4549
    2.3979     2.8175    67.5088     2.7994     2.2423    67.6018     0.7076
  -43.9268    -6.8084   -39.2020   -44.0891    -6.7656   -38.9483     0.3042
   -9.2212     3.7730    56.7647    -8.8940     3.2106    56.9347     0.6725
  -18.4106     1.0979     5.8629   -18.3621     0.9251     6.0439     0.2550
   20.2080    15.6975    17.6410    20.2274    15.7072    17.7078     0.0703
  -44.2489   -17.2287   -36.6943   -44.3164   -17.2166   -36.5271     0.1807
   -9.1925     3.9818    52.3749    -8.8924     3.4591    52.5444     0.6260
  -33.2153   -29.5118   -23.1927   -33.1054   -29.5479   -23.1950     0.1157
  -34.3699   -18.9871   -11.8689   -34.2758   -19.1276   -11.7678     0.1969
