400, PA5-F-Debug-Output.txt
  -10.3658,    11.3366,    -3.7205,    -4.5358,    -6.7626,    -3.2128
  -32.7690   -27.8476   -33.5296   -32.9045   -27.8166   -33.4219     0.1759
   -0.2293   -12.3243    16.1488    -0.1533   -12.3232    16.1341     0.0775
  -18.2287     4.3161   -34.8561   -18.3852     4.3555   -34.7833     0.1770
  -17.2355     1.8794   -11.7344   -17.2900     1.8980   -11.6655     0.0898
   20.5329    17.5929    35.5171    20.6799    17.5864    35.4407     0.1658
  -42.6555   -18.0670   -24.6648   -42.7586   -18.0488   -24.5044     0.1916
  -13.1688   -12.9838     0.9317   -13.1600   -12.9749     0.9711     0.0413
  -14.8231    16.1723    24.8015   -14.7258    16.1588    24.8766     0.1237
   32.8971    17.9420    10.1002    32.9347    17.9646     9.9674     0.1398
  -12.1527     5.4563    -4.1470   -12.1755     5.4705    -4.0962     0.0574
  -23.7377     4.6450   -34.5171   -23.8934     4.6814   -34.4199     0.1871
  -12.4990   -20.6218    -9.5759   -12.5319   -20.6030    -9.5474     0.0474
   22.5613   -14.2533    -1.2140    22.5652   -14.2255    -1.3316     0.1210
   -9.6453    20.7301    16.2208    -9.5871    20.7269    16.2765     0.0806
  -18.2614   -32.2581   -22.6710   -18.3458   -32.2301   -22.6292     0.0983
   33.2004    19.9949     3.6973    33.2091    20.0236     3.5644     0.1363
  -19.0307   -12.9775   -44.4522   -19.2200   -12.9299   -44.3923     0.2042
   24.5297    11.5128    48.1947    24.7354    11.4966    48.0969     0.2284
  -10.9639    19.7491    24.7609   -10.8682    19.7375    24.8224     0.1143
   20.4697   -18.2497   -14.2012    20.4189   -18.2110   -14.3147     0.1302
  -21.6093     4.8311   -33.7951   -21.7618     4.8679   -33.7069     0.1799
  -36.9035   -24.1816   -32.3314   -37.0361   -24.1536   -32.2023     0.1872
   -9.2179   -23.0456   -14.0446    -9.2686   -23.0212   -14.0331     0.0575
   30.9081    -6.2101   -27.9878    30.7923    -6.1537   -28.1376     0.1976
   30.8192   -11.7996     5.8218    30.8533   -11.7743     5.6711     0.1566
    1.7026   -16.7435   -13.3419     1.6528   -16.7144   -13.3722     0.0651
   27.4544    20.6401     5.8190    27.4713    20.6641     5.7119     0.1111
   -7.0875     5.5022   -19.7123    -7.1775     5.5330   -19.6853     0.0989
   -9.7870     1.2668    37.6170    -9.6256     1.2438    37.6583     0.1681
   29.6979    -7.5223    16.4609    29.7760    -7.5071    16.3201     0.1617
  -22.6825   -16.1539   -44.7405   -22.8718   -16.1077   -44.6676     0.2080
   -2.4396    -6.9375   -33.0451    -2.5806    -6.8924   -33.0509     0.1482
   -5.5251   -20.9387   -25.9689    -5.6284   -20.9016   -25.9728     0.1098
  -35.6068    -3.1943   -14.4053   -35.6723    -3.1820   -14.2612     0.1587
  -31.5376     5.0551   -23.9680   -31.6484     5.0781   -23.8353     0.1744
   37.2776     7.0403    15.3603    37.3442     7.0602    15.1994     0.1753
   26.6785    21.1263   -17.2419    26.5948    21.1710   -17.3477     0.1422
   -4.6993    -6.2768    63.1235    -4.4225    -6.3206    63.1388     0.2807
   -7.6717    -7.9359    41.5751    -7.4881    -7.9615    41.5995     0.1869
   -7.5104    -6.9879    47.9653    -7.2995    -7.0192    47.9905     0.2147
   18.6561   -13.6603     3.1566    18.6783   -13.6383     3.0570     0.1044
    2.5126    -8.5217    56.6639     2.7632    -8.5563    56.6451     0.2537
  -42.7120   -18.0817   -24.7845   -42.8156   -18.0633   -24.6238     0.1921
   -6.3713   -23.0433   -35.3768    -6.5145   -22.9980   -35.3800     0.1503
  -12.9737     4.2424   -21.0248   -13.0694     4.2716   -20.9733     0.1125
   -8.8572     3.2617    59.6650    -8.6008     3.2191    59.7065     0.2632
  -12.7210    14.2150    29.0721   -12.6039    14.1985    29.1368     0.1348
  -13.7417     7.7109    24.8216   -13.6398     7.6978    24.8845     0.1205
  -30.9294   -29.8913   -26.6270   -31.0336   -29.8658   -26.5284     0.1458
  -23.5430     5.4528   -27.8060   -23.6699     5.4832   -27.7082     0.1631
  -33.4904    -5.5336   -10.4145   -33.5370    -5.5239   -10.2812     0.1415
   -3.0138    19.7668    37.4506    -2.8621    19.7474    37.4789     0.1556
   37.2876    -8.2349   -15.7737    37.2266    -8.1866   -15.9517     0.1943
   21.1725    -1.9297    55.0939    21.4149    -1.9539    54.9994     0.2612
  -13.4219    10.5514    28.7825   -13.3041    10.5349    28.8469     0.1352
  -18.6463     3.6867   -16.7145   -18.7236     3.7092   -16.6384     0.1107
  -11.8209     5.9789    -3.3614   -11.8405     5.9925    -3.3115     0.0553
  -35.9319     1.8405   -24.1593   -36.0424     1.8617   -24.0103     0.1867
  -11.2960    10.8193    32.9632   -11.1600    10.7999    33.0191     0.1483
  -30.5395     3.8774   -30.5494   -30.6783     3.9070   -30.4229     0.1901
   29.0853     7.0011   -32.3755    28.9433     7.0607   -32.5061     0.2019
  -12.5421    20.2941    16.8554   -12.4813    20.2889    16.9234     0.0914
  -20.1731     5.6429   -25.1806   -20.2883     5.6724   -25.0970     0.1454
   36.2792    -8.6627   -18.4873    36.2065    -8.6125   -18.6617     0.1954
  -41.0011    -8.5858   -16.9739   -41.0755    -8.5737   -16.8114     0.1791
  -43.2290   -13.7629   -22.4772   -43.3249   -13.7469   -22.3101     0.1932
   30.4440    20.4945    -1.8301    30.4281    20.5269    -1.9512     0.1264
  -30.2178   -20.6766    -8.0007   -30.2457   -20.6677    -7.8950     0.1098
   -5.1215   -19.1363   -28.6177    -5.2372   -19.0966   -28.6221     0.1224
  -15.4859    16.7646    15.6393   -15.4289    16.7591    15.7168     0.0964
   20.9985    19.3786   -31.5346    20.8528    19.4336   -31.6188     0.1770
   -9.4952     0.6993    41.7408    -9.3156     0.6728    41.7808     0.1859
  -38.7933   -13.3360   -13.6228   -38.8504   -13.3260   -13.4737     0.1599
   -2.5436   -17.5370   -11.6191    -2.5860   -17.5116   -11.6315     0.0509
  -37.5331   -15.3740   -11.8513   -37.5813   -15.3650   -11.7094     0.1502
   29.9443    -7.5383    16.5196    30.0227    -7.5231    16.3777     0.1628
   35.4458    -2.7324    21.8115    35.5453    -2.7194    21.6505     0.1897
   26.2316    18.3747   -27.3077    26.1055    18.4284   -27.4152     0.1742
   20.6191    -3.3052    48.8370    20.8349    -3.3240    48.7431     0.2361
  -29.4640     4.6154   -16.4157   -29.5416     4.6325   -16.2916     0.1473
   -2.6749   -14.9145   -35.0850    -2.8207   -14.8676   -35.0970     0.1536
  -10.4097    -0.7799    36.5954   -10.2518    -0.8022    36.6376     0.1649
  -28.5626   -21.6385    -7.4791   -28.5876   -21.6293    -7.3813     0.1013
  -26.5671   -10.6005    -6.6350   -26.5940   -10.5911    -6.5360     0.1030
    6.4393    16.0015    64.0963     6.7099    15.9622    64.0830     0.2738
   17.0995    20.1305    26.9359    17.2075    20.1302    26.8757     0.1236
   11.5999    -7.3796   -21.5850    11.5105    -7.3383   -21.6510     0.1186
    8.4909   -15.8042    -8.0564     8.4644   -15.7767    -8.1149     0.0699
   -5.5695   -20.3142   -37.7080    -5.7243   -20.2664   -37.7126     0.1620
   38.8331     6.1682    14.0488    38.8945     6.1900    13.8801     0.1808
  -43.4020    -9.8006   -23.5675   -43.5047    -9.7836   -23.3963     0.2003
  -23.5389     1.3377   -14.8447   -23.6074     1.3562   -14.7491     0.1189
  -39.9494    -2.9014   -27.3011   -40.0716    -2.8793   -27.1393     0.2040
  -13.7871     8.0735    26.2447   -13.6791     8.0591    26.3082     0.1261
  -15.0741     3.7962   -18.8557   -15.1603     3.8224   -18.7953     0.1085
  -17.4780   -20.1990    -8.1411   -17.5054   -20.1839    -8.0904     0.0596
   28.3467    11.3116    30.8136    28.4773    11.3131    30.6970     0.1751
  -32.4120   -21.5412    -9.0951   -32.4445   -21.5323    -8.9807     0.1193
   33.9790   -10.6110    12.9333    34.0437   -10.5906    12.7707     0.1762
  -42.9539   -17.6982   -24.8202   -43.0579   -17.6799   -24.6582     0.1934
   -9.4722     3.4647    44.2380    -9.2832     3.4359    44.2806     0.1959
   22.6755    12.9088    59.9234    22.9314    12.8809    59.8362     0.2717
   25.0757     0.8728    47.1720    25.2825     0.8577    47.0622     0.2347
  -23.1416     3.6831   -15.7210   -23.2150     3.7026   -15.6252     0.1222
   -2.4485    -7.5653   -39.7979    -2.6186    -7.5140   -39.8049     0.1778
   -9.2253     4.6374    59.9489    -8.9684     4.5944    59.9932     0.2642
   -7.8634   -27.7495   -27.5198    -7.9702   -27.7121   -27.5199     0.1131
   -5.3278   -13.5499     8.7336    -5.2840   -13.5444     8.7391     0.0445
  -22.1954     5.6859   -26.8745   -22.3182     5.7161   -26.7822     0.1566
   19.0527    22.7508    -5.7451    19.0174    22.7814    -5.8150     0.0841
   -9.6683     7.8934    -0.6798    -9.6770     7.9055    -0.6373     0.0451
   26.5515    18.2538   -27.0152    26.4267    18.3073   -27.1242     0.1741
  -16.7686     1.6697    -2.1596   -16.7812     1.6799    -2.0919     0.0696
  -23.6168   -13.0324    -4.4901   -23.6327   -13.0235    -4.4059     0.0862
   10.6705    21.6666    13.2721    10.7176    21.6757    13.2398     0.0578
   39.5522    13.8689     8.3678    39.5850    13.8962     8.2022     0.1710
   -7.8628    18.9296    29.9687    -7.7437    18.9147    30.0166     0.1292
   24.9062   -15.1857    -4.4320    24.8968   -15.1538    -4.5610     0.1333
  -28.8117   -24.9599   -10.2841   -28.8471   -24.9483   -10.1885     0.1026
  -12.9622   -12.9187     1.2972   -12.9519   -12.9100     1.3358     0.0408
   21.7515     1.2748    62.6593    22.0252     1.2440    62.5660     0.2908
   32.1375    16.9611   -20.0233    32.0444    17.0109   -20.1570     0.1703
   15.6912    20.4213   -19.4458    15.5970    20.4628   -19.5046     0.1185
   -1.2661    18.8373     3.7383    -1.2604    18.8495     3.7544     0.0210
  -40.1020    -3.5729   -19.0205   -40.1878    -3.5585   -18.8577     0.1846
   12.2028    -6.9839    48.5924    12.4186    -7.0065    48.5318     0.2252
  -17.3181    -2.2348     6.4056   -17.2915    -2.2328     6.4732     0.0726
   16.6802    11.4006   -32.0167    16.5361    11.4540   -32.0893     0.1699
    5.5095    13.0180   -14.9029     5.4379    13.0505   -14.9235     0.0813
   10.9840    -7.6454    41.9220    11.1709    -7.6625    41.8654     0.1961
   17.9114    19.3629   -26.4168    17.7878    19.4118   -26.4871     0.1504
  -29.8215   -30.4211   -26.8912   -29.9265   -30.3948   -26.7979     0.1429
   -3.0959    18.2114    41.6104    -2.9253    18.1881    41.6381     0.1744
   -8.9394     5.9041    44.5851    -8.7501     5.8752    44.6276     0.1962
   19.1691    20.2265   -23.4857    19.0578    20.2733   -23.5603     0.1419
    8.5618    12.9375   -16.5330     8.4834    12.9729   -16.5672     0.0925
  -42.6463   -14.8122   -20.4831   -42.7329   -14.7977   -20.3193     0.1858
  -10.2105    -8.8077    27.8795   -10.0863    -8.8220    27.9126     0.1293
    6.9105    -9.6026   -23.6809     6.8126    -9.5616   -23.7287     0.1164
   17.8774    22.3674     1.2755    17.8726    22.3909     1.2111     0.0687
  -33.2464   -27.3840   -16.5842   -33.3085   -27.3687   -16.4722     0.1290
   -0.6572     0.2238   -24.6747    -0.7653     0.2621   -24.6810     0.1149
   22.6929     9.4734    62.7106    22.9627     9.4430    62.6205     0.2860
   10.8410    20.2323    32.9319    10.9743    20.2236    32.8997     0.1374
   35.7534    17.5536     8.8760    35.7861    17.5787     8.7303     0.1514
   10.8987    -7.0835    51.7387    11.1281    -7.1096    51.6840     0.2372
  -17.7687   -28.6128   -37.1077   -17.9178   -28.5714   -37.0664     0.1602
   25.8689    12.7630    38.6122    26.0325    12.7561    38.5086     0.1937
  -12.4258   -14.9638    -3.3421   -12.4345   -14.9506    -3.3083     0.0374
   23.8367   -11.2999   -21.4444    23.7512   -11.2529   -21.5672     0.1568
   11.8217    -6.5660    63.5508    12.1023    -6.6024    63.4939     0.2886
   23.9852    -4.1643   -23.8057    23.8858    -4.1150   -23.9230     0.1615
   42.9489    -1.4090    12.3767    43.0075    -1.3837    12.1832     0.2038
  -18.2213   -12.7120    -1.1662   -18.2224   -12.7036    -1.1048     0.0619
   20.7352    21.4616   -18.6263    20.6447    21.5047   -18.7061     0.1282
  -20.8711     5.7275   -28.3042   -21.0000     5.7596   -28.2178     0.1585
  -20.5582   -26.4000   -39.8159   -20.7205   -26.3575   -39.7608     0.1766
  -22.8194     5.0322   -21.8733   -22.9203     5.0575   -21.7784     0.1408
   -8.8532     7.5114    46.4231    -8.6567     7.4809    46.4669     0.2036
    7.8626   -15.6976    -5.2314     7.8483   -15.6730    -5.2867     0.0622
   17.6587    -1.1755   -21.5407    17.5669    -1.1313   -21.6276     0.1339
    4.1390    22.8262     6.2874     4.1543    22.8387     6.2838     0.0201
   28.1380   -13.3887   -15.5933    28.0795   -13.3451   -15.7360     0.1603
   -1.5514   -17.7609   -14.0318    -1.6040   -17.7328   -14.0490     0.0621
   24.4261    -1.4292    46.5432    24.6314    -1.4440    46.4341     0.2329
    6.6092    19.6899    54.2818     6.8353    19.6597    54.2699     0.2284
   -7.4171    -9.8126    35.4193    -7.2593    -9.8325    35.4402     0.1604
   27.8707    -0.1695    35.2791    28.0266    -0.1724    35.1549     0.1994
  -18.4655    -7.5200     3.6956   -18.4481    -7.5161     3.7632     0.0699
   -2.2053    -0.8765   -25.8254    -2.3181    -0.8378   -25.8259     0.1192
  -19.6554     5.4099   -23.7435   -19.7642     5.4384   -23.6622     0.1388
   37.8048    11.7269    12.2969    37.8556    11.7498    12.1375     0.1689
   -0.8353   -13.3421     7.9006    -0.7947   -13.3337     7.8867     0.0437
   26.6504    -7.4796   -24.6650    26.5492    -7.4283   -24.7970     0.1741
   -4.2373    -4.4412   -40.1749    -4.4109    -4.3904   -40.1714     0.1809
    5.0778   -11.3724    12.2580     5.1370   -11.3651    12.2205     0.0704
  -21.5078     2.6144   -37.1722   -21.6738     2.6543   -37.0868     0.1909
   -9.5846     4.0260    43.2932    -9.4000     3.9980    43.3367     0.1918
   12.3527   -14.6804     5.0558    12.3830   -14.6631     4.9830     0.0808
  -20.0287   -13.7050   -43.6872   -20.2144   -13.6585   -43.6235     0.2017
   -9.2269    13.8186    36.2896    -9.0777    13.7972    36.3396     0.1587
   24.1719     3.2404    52.9894    24.4028     3.2196    52.8862     0.2537
  -43.1490    -9.5750   -31.1730   -43.2849    -9.5510   -31.0036     0.2185
   -7.3159     2.5808   -29.2522    -7.4459     2.6202   -29.2278     0.1380
   22.5058     0.5843    59.3367    22.7655     0.5569    59.2391     0.2787
   39.4365     1.8281    16.1994    39.5097     1.8482    16.0244     0.1907
   -8.1031    -8.2465   -41.4899    -8.2808    -8.1963   -41.4731     0.1854
   -3.4197    -7.6381    57.3606    -3.1671    -7.6761    57.3685     0.2555
    2.1267    -5.0216   -25.2498     2.0191    -4.9814   -25.2729     0.1172
   -2.9009    16.0737    57.6745    -2.6593    16.0358    57.7012     0.2461
  -32.6304   -28.9255   -26.1849   -32.7334   -28.9012   -26.0780     0.1505
  -35.5833    -1.5762   -15.1540   -35.6528    -1.5632   -15.0087     0.1617
  -24.9448    -5.3300   -42.6364   -25.1308    -5.2868   -42.5437     0.2123
   -6.3105    -9.6366    34.9323    -6.1548    -9.6555    34.9485     0.1577
   25.2530   -15.3628   -16.7531    25.1901   -15.3195   -16.8852     0.1525
    2.1137    -8.7861    51.5853     2.3423    -8.8162    51.5674     0.2313
   22.6074    15.6925    39.5054    22.7729    15.6833    39.4186     0.1871
   -9.6479   -19.9405   -39.9473    -9.8129   -19.8926   -39.9340     0.1724
   16.5441     7.4227   -21.3133    16.4487     7.4662   -21.3877     0.1286
  -28.8304   -30.1449   -18.5273   -28.8991   -30.1257   -18.4372     0.1149
   -7.8813   -27.1881   -32.7807    -8.0113   -27.1460   -32.7807     0.1366
    9.2091     8.4610   -14.7901     9.1407     8.4951   -14.8309     0.0866
  -36.4204    -4.6844   -14.1842   -36.4842    -4.6727   -14.0378     0.1601
   29.4367    -8.6982    13.4671    29.5023    -8.6805    13.3261     0.1566
    2.1074    18.5028    63.7051     2.3746    18.4618    63.7128     0.2704
    0.5623    -8.6113    55.9545     0.8097    -8.6461    55.9440     0.2500
    0.9222   -16.1521    -9.6269     0.8882   -16.1269    -9.6529     0.0497
   -5.7897    11.6321    64.0421    -5.5183    11.5869    64.0781     0.2774
  -20.9257   -20.2479    -7.4240   -20.9503   -20.2351    -7.3583     0.0714
  -23.3254     4.3705   -16.1300   -23.4009     4.3903   -16.0329     0.1247
   29.8839    -4.2097    25.1311    29.9980    -4.2024    24.9934     0.1790
   22.0829    14.9523   -32.5129    21.9355    15.0087   -32.6059     0.1833
  -14.1512     4.5663   -29.5282   -14.2842     4.6027   -29.4723     0.1488
  -37.5654   -17.6247   -11.8196   -37.6123   -17.6158   -11.6796     0.1480
   14.1364    -7.5236    31.2014    14.2769    -7.5293    31.1300     0.1578
  -19.4022    -2.0977   -40.8383   -19.5815    -2.0535   -40.7667     0.1980
   -2.5756   -13.6906     8.9877    -2.5302   -13.6840     8.9812     0.0463
   20.3868     8.1139    64.7205    20.6658     8.0806    64.6395     0.2924
   -7.4750    -9.3111    38.1901    -7.3054    -9.3335    38.2120     0.1725
    2.9632    -3.1967   -24.2967     2.8589    -3.1570   -24.3217     0.1144
    2.7457    18.4788    -3.1948     2.7219    18.4992    -3.1972     0.0315
  -30.5107     2.7827   -14.4346   -30.5789     2.7975   -14.3074     0.1451
    0.1893    22.1432    23.4588     0.2793    22.1381    23.4737     0.0913
    9.6794    -2.5264   -21.3849     9.5881    -2.4862   -21.4382     0.1131
   -4.7415     7.2769   -14.5370    -4.8096     7.3041   -14.5180     0.0758
  -10.3752   -28.6191   -30.7577   -10.4959   -28.5800   -30.7479     0.1272
   23.8692    -9.9652     6.6349    23.9052    -9.9439     6.5163     0.1258
   32.5552    17.5075    10.7323    32.5957    17.5293    10.6007     0.1394
  -34.8296   -27.7121   -28.3785   -34.9431   -27.6868   -28.2611     0.1652
  -21.0522   -18.3816    -6.8165   -21.0751   -18.3693    -6.7485     0.0728
   30.0125   -11.7998    -2.7965    30.0091   -11.7669    -2.9446     0.1517
    2.2637    -9.0266    37.4455     2.4310    -9.0437    37.4252     0.1693
  -31.2991   -29.8285   -24.8693   -31.3958   -29.8048   -24.7688     0.1414
   -9.4092     0.8908    49.2712    -9.1969     0.8574    49.3118     0.2187
    2.7503   -12.1496    11.9918     2.8085   -12.1433    11.9637     0.0649
   30.7240     5.0935    29.3935    30.8519     5.0974    29.2608     0.1843
   43.0320     7.3618    10.7843    43.0790     7.3885    10.5980     0.1940
   33.9093    -8.9740   -21.3740    33.8240    -8.9223   -21.5386     0.1925
   27.8930    -9.8275     7.9649    27.9351    -9.8054     7.8290     0.1440
   42.0368     2.1946    13.5553    42.0985     2.2184    13.3690     0.1976
   20.1571    14.9244   -33.7960    20.0038    14.9811   -33.8808     0.1841
   21.6801   -12.9061     0.9560    21.6927   -12.8806     0.8436     0.1159
   -3.2011    -9.4241    38.1637    -3.0311    -9.4445    38.1669     0.1712
   -4.8953   -20.8690   -29.5379    -5.0141   -20.8284   -29.5449     0.1258
  -41.6364   -19.1812   -22.0436   -41.7274   -19.1649   -21.8883     0.1807
   -8.1222    -6.3969    46.5315    -7.9179    -6.4272    46.5598     0.2085
  -17.2850     1.1683    -3.7681   -17.3044     1.1796    -3.6988     0.0729
   23.3795    -0.6861   -26.5394    23.2662    -0.6346   -26.6513     0.1673
   27.7218   -13.7467   -18.8443    27.6493   -13.7003   -18.9859     0.1657
   14.7956    -0.7106   -20.0233    14.7098    -0.6692   -20.0971     0.1205
   -5.1134   -22.3448   -34.9919    -5.2552   -22.2993   -34.9999     0.1491
  -26.4805   -31.6467   -28.6881   -26.5924   -31.6171   -28.6106     0.1392
   -7.2581   -23.4212   -18.0661    -7.3259   -23.3922   -18.0639     0.0738
   -2.5072   -12.6833   -37.8218    -2.6661   -12.6339   -37.8329     0.1667
   -1.9161     6.7534   -17.4217    -1.9962     6.7846   -17.4159     0.0862
  -35.4881    -1.2503   -14.8160   -35.5563    -1.2375   -14.6707     0.1610
  -25.1845   -26.2214   -39.3811   -25.3455   -26.1814   -39.3056     0.1823
  -27.8374     1.0719   -36.8753   -28.0019     1.1084   -36.7637     0.2022
   34.5431    16.3477    10.5912    34.5838    16.3706    10.4499     0.1488
   35.1141    -6.8596   -22.8643    35.0213    -6.8059   -23.0324     0.1994
    5.2308   -14.0152     1.1466     5.2430   -13.9978     1.1049     0.0468
   -3.5651   -12.1952   -40.2549    -3.7349   -12.1440   -40.2612     0.1774
   -3.0327    20.3329     7.6567    -3.0108    20.3407     7.6823     0.0345
   -7.7652   -27.4413   -32.3901    -7.8933   -27.3995   -32.3908     0.1348
  -12.9773   -28.3028   -16.1681   -13.0349   -28.2782   -16.1451     0.0667
   -4.0320    17.2161    45.0533    -3.8460    17.1892    45.0846     0.1906
  -12.5970     6.1258     6.0960   -12.5756     6.1304     6.1504     0.0587
  -26.4631    -3.2952   -41.0285   -26.6433    -3.2542   -40.9272     0.2108
   27.7520    -6.4044    21.3680    27.8506    -6.3947    21.2372     0.1641
   19.6779   -15.0054    -0.3565    19.6856   -14.9797    -0.4622     0.1090
   27.6761    12.9045    29.8801    27.8017    12.9066    29.7677     0.1686
   20.5283    -3.1811   -22.3929    20.4341    -3.1348   -22.4942     0.1459
  -10.8258    20.7546    16.4626   -10.7667    20.7506    16.5235     0.0849
  -37.8919   -21.1341   -14.1531   -37.9472   -21.1232   -14.0149     0.1492
  -16.0021   -18.6969   -43.0534   -16.1820   -18.6491   -43.0116     0.1908
   -4.9887    20.0907    31.5427    -4.8630    20.0757    31.5792     0.1317
   -1.0634    -9.2159    36.6270    -0.9000    -9.2339    36.6209     0.1645
   44.2586     0.2797    10.7730    44.3095     0.3070    10.5751     0.2062
   39.0823     8.2283   -10.3892    39.0364     8.2725   -10.5598     0.1821
   18.7204    -9.5519    11.2104    18.7755    -9.5372    11.1151     0.1111
   -8.8116    20.5343    23.3732    -8.7221    20.5250    23.4259     0.1042
   -2.0584    -8.2237   -40.0190    -2.2291    -8.1720   -40.0284     0.1786
   24.5844   -13.3016    -0.4444    24.5914   -13.2735    -0.5700     0.1288
    5.9816    17.1594   -10.4877     5.9270    17.1880   -10.5062     0.0643
   28.1993    20.2075   -21.3143    28.0985    20.2566   -21.4280     0.1597
    7.8384    23.3486     0.0109     7.8266    23.3685    -0.0090     0.0306
    7.4593    22.1646     7.2898     7.4797    22.1778     7.2713     0.0305
  -39.5264   -13.0696   -36.0173   -39.6811   -13.0394   -35.8673     0.2176
   29.2544     6.8268   -32.1573    29.1134     6.8863   -32.2887     0.2017
    9.4756    17.9760   -15.6438     9.3986    18.0111   -15.6773     0.0910
    2.6381   -15.4449    -7.4776     2.6132   -15.4208    -7.5102     0.0476
   -9.9691   -14.8892    -2.9284    -9.9758   -14.8752    -2.9051     0.0280
   10.0093    -7.5405    46.6208    10.2166    -7.5623    46.5691     0.2147
   14.2240    20.1922    32.2998    14.3550    20.1857    32.2528     0.1393
    2.5815    21.2206    28.5568     2.6944    21.2120    28.5610     0.1133
  -29.0826   -25.6972   -39.4074   -29.2445   -25.6590   -39.3144     0.1905
   -0.7338     2.3546   -23.3012    -0.8370     2.3917   -23.3051     0.1098
  -26.2397   -32.0349   -26.4161   -26.3414   -32.0073   -26.3398     0.1301
   -9.9038   -29.5823   -27.4892   -10.0097   -29.5459   -27.4820     0.1122
  -30.0351   -17.4998    -8.0101   -30.0646   -17.4908    -7.9023     0.1122
   20.5072   -15.0685    -1.3982    20.5106   -15.0415    -1.5077     0.1128
   24.3853    11.5206    50.1815    24.5996    11.5025    50.0844     0.2360
   25.6432    14.5083    32.2365    25.7780    14.5072    32.1347     0.1690
   36.7358     2.0839    19.3011    36.8220     2.0999    19.1385     0.1847
    6.9700    22.0767    10.3851     7.0039    22.0867    10.3689     0.0388
   -5.1530   -22.1794   -34.1719    -5.2913   -22.1346   -34.1795     0.1456
   18.7785    -2.9005    60.2334    19.0434    -2.9306    60.1491     0.2797
   27.6082    10.0060   -31.2576    27.4693    10.0639   -31.3789     0.1933
  -30.7680   -12.0798   -42.1765   -30.9492   -12.0398   -42.0645     0.2167
   18.9031    -3.5447    56.1395    19.1506    -3.5709    56.0536     0.2633
   14.8208    -7.7593    22.9646    14.9257    -7.7571    22.8891     0.1293
   20.6537    15.6712    44.9259    20.8426    15.6561    44.8483     0.2048
   32.3286    18.6909   -10.4152    32.2764    18.7321   -10.5471     0.1477
   -7.3614    -5.7439    50.1632    -7.1415    -5.7772    50.1891     0.2238
   -5.6007   -18.1644   -13.1985    -5.6499   -18.1390   -13.1983     0.0554
   -0.9448    22.0742    24.0251    -0.8524    22.0680    24.0449     0.0947
  -12.4787     5.1043    -5.0472   -12.5052     5.1191    -4.9954     0.0600
   -3.3264    -4.9100   -38.1318    -3.4908    -4.8607   -38.1325     0.1716
   -6.4075    12.4980    59.3040    -6.1572    12.4569    59.3430     0.2566
    2.5631   -16.0389   -20.7679     2.4807   -16.0026   -20.8022     0.0963
  -16.3713    -1.4003     9.9875   -16.3295    -1.4011    10.0521     0.0770
   -1.3297    11.6230    -8.8307    -1.3749    11.6467    -8.8220     0.0517
  -35.3623    -6.3614   -11.3334   -35.4127    -6.3518   -11.1928     0.1496
   29.0259    20.3166     7.5573    29.0507    20.3397     7.4432     0.1190
   -3.2267   -16.8201   -31.8944    -3.3577   -16.7765   -31.9054     0.1385
   25.7212    18.6868   -27.6979    25.5931    18.7405   -27.8029     0.1741
  -30.6746   -29.7360   -19.5458   -30.7481   -29.7168   -19.4474     0.1243
  -39.6811   -22.1169   -20.0483   -39.7617   -22.1015   -19.9039     0.1661
   25.8662    13.8014    34.1684    26.0098    13.7987    34.0652     0.1769
   -9.6126     8.5117    39.6754    -9.4461     8.4870    39.7226     0.1749
   22.5438   -15.6720    -3.1612    22.5400   -15.6423    -3.2803     0.1227
   20.8852   -14.2387   -17.6475    20.8174   -14.1966   -17.7597     0.1376
   19.0288    15.5136   -33.6436    18.8758    15.5697   -33.7229     0.1812
    5.0197    19.9637    57.3569     5.2589    19.9299    57.3525     0.2415
   -7.7229   -27.6781   -28.5698    -7.8343   -27.6397   -28.5705     0.1178
   41.6788     2.4319    -6.8600    41.6515     2.4742    -7.0467     0.1933
   12.7955    17.2005   -19.6410    12.7018    17.2407   -19.6901     0.1131
   21.8371   -10.1020   -20.7004    21.7540   -10.0566   -20.8134     0.1474
   -2.4722   -16.4392   -29.0896    -2.5911   -16.3978   -29.1033     0.1266
  -22.5166     4.5613   -17.7889   -22.5994     4.5830   -17.6953     0.1268
   -6.9149   -19.9195   -14.2152    -6.9677   -19.8938   -14.2109     0.0589
   17.7075    -5.2999    46.6331    17.9145    -5.3180    46.5498     0.2238
  -17.0151    -1.7603     7.9519   -16.9820    -1.7596     8.0188     0.0746
   39.1246    -5.7702    15.3322    39.1978    -5.7496    15.1518     0.1958
   12.7830     9.0953   -14.6963    12.7151     9.1310   -14.7520     0.0948
   16.7725   -17.8254   -12.4659    16.7287   -17.7900   -12.5628     0.1120
   -8.2459   -22.0220   -14.2225    -8.2979   -21.9970   -14.2143     0.0582
  -34.3247   -11.6064    -7.8604   -34.3571   -11.5995    -7.7287     0.1359
   19.7885    19.8183    25.9333    19.8925    19.8202    25.8610     0.1267
    9.9876    19.4525    63.7895    10.2555    19.4151    63.7638     0.2717
   19.2471    -6.0129    37.1092    19.4131    -6.0216    37.0176     0.1899
    9.8952    20.0448    34.4574    10.0352    20.0342    34.4293     0.1431
  -33.2390   -28.4491   -28.4474   -33.3521   -28.4229   -28.3376     0.1598
   30.6033   -10.8929   -20.7032    30.5215   -10.8433   -20.8550     0.1794
   29.1463    19.6002   -22.0810    29.0426    19.6504   -22.1995     0.1653
  -15.3075     4.0249   -35.0117   -15.4641     4.0658   -34.9518     0.1726
  -31.8211   -26.9527   -14.5424   -31.8744   -26.9386   -14.4359     0.1199
  -16.3181    -8.1361     8.0146   -16.2813    -8.1351     8.0727     0.0688
  -23.8849   -32.3822   -22.0012   -23.9670   -32.3575   -21.9349     0.1083
   16.9442    -4.7223    57.1958    17.1967    -4.7505    57.1176     0.2659
  -38.1546    -9.8546   -12.8547   -38.2101    -9.8449   -12.7052     0.1597
   11.5717    -9.8896   -21.0597    11.4858    -9.8488   -21.1278     0.1169
   -7.9972   -12.7430    15.6047    -7.9241   -12.7450    15.6234     0.0754
   12.8766    17.1177   -19.9575    12.7817    17.1583   -20.0071     0.1146
   35.7032    11.9225    12.9038    35.7563    11.9439    12.7537     0.1606
   -5.3815    -2.3901    64.7362    -5.0998    -2.4358    64.7580     0.2862
   23.2700   -16.9965   -12.1109    23.2280   -16.9584   -12.2353     0.1367
   43.3206     4.0394    12.2217    43.3757     4.0649    12.0313     0.1998
   26.7874   -14.2729    -2.1679    26.7877   -14.2421    -2.3041     0.1396
   35.7620    -9.4711    -3.2248    35.7561    -9.4351    -3.3959     0.1750
   43.4079    -0.4274     8.0885    43.4473    -0.3980     7.8934     0.2012
   -7.3463   -21.0635   -15.6685    -7.4049   -21.0367   -15.6636     0.0647
   23.5870   -15.5696   -17.9514    23.5189   -15.5259   -18.0765     0.1490
  -12.7648    -6.1497    21.1294   -12.6716    -6.1590    21.1753     0.1043
   18.3925    20.6192    16.6584    18.4557    20.6289    16.5919     0.0922
  -40.3502   -11.6965   -34.7820   -40.5004   -11.6679   -34.6270     0.2177
  -35.5735    -6.5855   -38.4539   -35.7418    -6.5512   -38.3156     0.2205
  -38.7383   -20.6080   -35.8461   -38.8883   -20.5777   -35.7062     0.2073
   23.5126     7.6306    60.6054    23.7742     7.6025    60.5099     0.2799
    6.9373    19.3852   -10.6172     6.8812    19.4144   -10.6379     0.0666
  -39.8941    -3.6206   -30.0250   -40.0277    -3.5961   -29.8643     0.2104
  -13.8962     3.8926   -33.2028   -14.0448     3.9325   -33.1490     0.1630
   26.9792    14.1800    28.3490    27.0974    14.1831    28.2406     0.1604
  -28.7478   -19.3994    -7.7359   -28.7751   -19.3900    -7.6354     0.1046
  -14.8116    11.0614    26.2283   -14.7054    11.0466    26.2990     0.1284
   18.7679     9.0429    64.6420    19.0459     9.0089    64.5689     0.2894
  -31.4684   -12.5238   -42.0717   -31.6489   -12.4843   -41.9570     0.2175
    4.1198    -8.0846    63.2929     4.3992    -8.1245    63.2682     0.2833
   16.9285    18.1762   -27.8140    16.7993    18.2259   -27.8812     0.1539
  -18.2140     4.9712   -20.6056   -18.3088     4.9975   -20.5306     0.1237
  -40.5328    -9.7253   -16.2394   -40.6033    -9.7137   -16.0799     0.1748
   12.1322    20.5261    33.1024    12.2662    20.5178    33.0649     0.1394
  -20.4711   -31.1301   -16.3234   -20.5287   -31.1090   -16.2703     0.0812
   -5.7053   -23.0736   -23.4566    -5.7966   -23.0389   -23.4615     0.0978
   -7.8229     7.5448    -8.7615    -7.8664     7.5653    -8.7282     0.0584
  -16.4775    11.6541    16.7480   -16.4131    11.6472    16.8254     0.1010
   34.9815    11.2473   -20.2587    34.8906    11.2986   -20.4098     0.1837
   24.5686    18.4632    20.4005    24.6498    18.4724    20.3056     0.1252
   16.9234     9.7097   -30.1452    16.7884     9.7614   -30.2202     0.1629
  -39.1663    -1.4501   -25.3820   -39.2808    -1.4294   -25.2220     0.1978
