150, PA5-A-Debug-Output.txt
 -36.03723   -1.74055  -39.97388  -37.03800   -0.91597  -41.31623    1.86638
 -12.39537  -30.14545  -32.97066  -11.94862  -30.83469  -33.28181    0.87832
  19.01091   21.61019  -28.54456   18.17341   21.16006  -27.20681    1.64122
  23.95957   14.37210   24.59276   24.66407   14.99722   24.73045    0.95186
  -0.93882   -9.46462  -32.87119   -1.14598   -9.47115  -32.78502    0.22446
 -14.99079  -32.76448  -26.47216  -14.64025  -33.73599  -26.55924    1.03648
  12.49089   17.02609  -13.08295   12.36063   16.94096  -13.07556    0.15579
  -8.86098   10.90738  -17.46153   -9.22456   10.11511  -17.60628    0.88366
   0.49464   11.36825   -3.99422    0.34006   11.86674   -4.17917    0.55371
  -7.92685  -24.32957   -9.17891   -7.93895  -24.29613   -9.19713    0.03995
 -19.38233   25.70299   14.12938  -18.00684   25.59730   15.30393    1.81182
  40.31590    4.00668  -15.29046   37.76651    5.62485  -14.41007    3.14531
 -16.33750   28.57344   13.70886  -15.46203   27.57694   14.04396    1.36812
  18.46555   -1.97189   71.54647   17.22273   -1.98252   65.43448    6.23708
   6.06599   15.25620   64.33261    5.82764   14.96575   64.20989    0.39527
   0.33739    7.98586   69.96835    0.30967    7.77816   63.49434    6.47740
  26.42533   -3.98125  -31.53089   27.63585   -2.87287  -27.62292    4.23865
  -9.73460   10.14502  -25.14910  -10.24756    9.73805  -25.10132    0.65654
  13.60367   -9.81920    7.27086   13.60194   -9.81450    7.26951    0.00518
 -32.27554  -17.48346  -44.24130  -33.74403  -18.14488  -46.41576    2.70596
  -4.94799   16.25274   36.81926   -5.28560   16.29285   37.04933    0.41051
  19.95540  -11.46952   -1.80850   19.97769  -11.50769   -1.79407    0.04649
  -6.19356    5.34276   69.12300   -6.49560    4.45809   64.30796    4.90494
 -15.46123  -14.07420   -1.43801  -15.10394  -13.53072   -2.23036    1.02511
 -10.92170    3.69788   33.91162   -8.61223    3.98841   33.51586    2.36108
  12.70899   -9.83279  -21.13003   12.62464   -8.82512  -20.16207    1.39980
   6.77137   19.24877   33.49836    6.39747   21.54323   33.80125    2.34438
 -14.16018   10.68084    8.58438  -11.90646   10.93531    8.96131    2.29915
 -23.30371    8.48750  -36.04525  -23.69027   10.03075  -37.51131    2.16341
  26.89121   17.19860  -28.90287   26.40295   15.54728  -27.38507    2.29543
  37.88448   11.51860    6.00763   37.21160   11.08248    5.25374    1.10060
  10.97517   16.45236  -10.27814   11.96903   16.93276  -10.01137    1.13566
  25.14331    8.49476   30.95569   26.46691    8.84613   30.97035    1.36952
  33.29480   -0.22838   11.58782   33.62762   -0.61191   11.99677    0.65200
  -4.19707  -22.95709  -32.87149   -4.02809  -23.88214  -33.30075    1.03371
  20.27009   -1.30094   64.26292   20.22159   -1.27781   64.18716    0.09288
 -41.49371   -7.89962  -40.08783  -41.29318   -7.84194  -40.09044    0.20868
  -6.25960   17.89269    6.08939   -4.90419   17.38356    7.36766    1.93140
   9.85118   17.23733   -9.53609   11.26274   17.91963   -9.15721    1.61294
 -36.78042  -13.37632  -42.96963  -37.55861  -14.85645  -44.14991    2.04681
  23.27282   25.57521  -20.56317   22.34256   25.05400  -20.68518    1.07327
 -10.85370  -14.78911  -43.87980   -9.44066  -15.26910  -44.81136    1.75922
  19.03212   13.35163   40.98742   20.18625   14.25379   40.79587    1.47736
  33.04543   -6.66978    0.01572   32.14556   -6.53684   -0.47794    1.03496
  -3.00551    8.75185   -9.68077   -3.06069    9.13966   -9.65021    0.39291
 -40.70757  -14.68725  -11.83333  -39.95573  -14.76248  -12.35199    0.91648
  -7.50529   -4.08383   69.38110   -5.46178   -3.95588   63.61741    6.11657
  22.76943    7.88414   42.51038   23.84464    8.81829   42.72877    1.44098
 -11.40809  -28.74305  -35.04089  -10.88139  -29.50161  -35.26460    0.95019
  13.73093   26.03948    4.96572   12.90497   27.27112    4.36422    1.60029
  -8.40445  -19.41904   -3.28033   -8.25537  -18.18796   -3.77677    1.33576
  36.94822   -6.74148  -20.34051   34.68560   -6.75399  -20.02989    2.28388
 -37.98275  -19.85057  -11.80529  -37.26157  -19.26762  -12.22585    1.01824
  11.40822   -0.78581  -22.98614   11.58445   -1.23684  -21.35464    1.70185
  22.38195    2.48472   52.26529   23.15969    2.24758   52.33329    0.81593
 -25.79555   13.99298  -22.05671  -25.55093   13.08399  -22.12917    0.94411
  10.68304   20.47182   35.78598    9.83412   21.68987   36.04047    1.50635
  -1.08123   13.12988   50.78723   -1.20746   13.33470   50.80689    0.24140
  15.48256   12.19790   60.84345   16.34888   12.70694   61.30050    1.10387
  -7.81300    6.62431   -3.68106   -8.16478    7.21110   -3.53022    0.70059
   6.62928  -11.82518    7.07000    6.43426  -12.50207    7.16244    0.71047
 -33.86079   -8.65821  -44.44021  -35.45158   -7.65912  -46.62830    2.88385
  21.65445   -1.93433   49.71077   21.89808   -2.08594   49.74525    0.28902
   6.04267   18.60289   36.18075    5.51244   20.99652   36.50361    2.47282
   4.34613   -7.92028  -25.70427    3.46489   -7.86052  -24.49103    1.50070
  10.03947   18.34282   44.80889   10.09633   18.88569   45.00029    0.57843
  17.50048  -16.45045  -13.29245   18.20318  -14.71773  -11.84508    2.36452
  23.41467   -3.49385   30.99668   23.46079   -3.53566   31.00669    0.06305
  12.59758  -17.57745   -5.36050   12.61237  -17.52099   -5.35376    0.05875
 -11.09919    3.31445   29.70835   -8.92469    3.71749   29.59363    2.21450
 -19.93429   19.18465   19.56172  -18.08597   20.28358   19.27553    2.16929
  -9.87321  -29.91951  -29.20573   -9.43461  -30.33079  -29.38150    0.62643
  33.75646   11.90348  -29.01719   32.67496    9.96973  -28.03520    2.42349
   2.84347   10.95696   -6.97247    2.84467   10.94091   -6.96567    0.01747
 -15.46555    5.38652   -9.02203  -15.32857    5.14866   -9.11749    0.29060
  22.70048   -0.50407   47.88091   23.07516   -0.81483   47.94786    0.49137
  16.40550    2.33468  -24.60083   17.31377    2.33532  -23.49320    1.43241
   3.08365    7.72482  -16.09306    2.73709    7.16906  -15.58605    0.82827
  -7.03208    3.04710  -35.51414   -7.18029    2.98841  -35.43663    0.17726
  20.67023   26.11123    3.47584   20.92417   26.62405    3.53789    0.57560
  23.08311   -0.04188   46.33529   23.61878   -0.48618   46.43101    0.70250
  16.84868   -5.68828   56.53129   16.95418   -6.24022   56.58951    0.56495
 -11.14220   19.38359    6.30952   -9.94310   19.52027    8.68883    2.66789
  25.86769   24.15161  -23.92335   25.36581   22.44482  -22.64743    2.18930
 -21.15510  -23.46954  -44.48186  -20.38789  -25.67083  -45.51764    2.55091
  24.04160   -8.14765    1.16632   24.09809   -8.25796    1.23385    0.14113
 -10.09891  -16.89978  -43.78319   -9.78116  -17.08020  -44.17925    0.53886
   7.12922   23.34382   10.09819    6.59053   24.43542    9.70522    1.27915
  27.74931   14.95160  -29.74566   27.16598   14.49603  -27.64199    2.23008
  10.05556   -0.61204  -22.33541   10.18647   -0.94707  -21.12352    1.26415
  -4.89694   19.87031    6.37683   -4.45934   18.97544    7.78400    1.72407
 -20.38533   24.33017   18.12473  -19.03946   23.85472   18.32087    1.44079
 -11.37595    6.42108   -8.47504  -11.36633    6.39758   -8.48756    0.02831
  36.55459   -6.91345  -17.85368   34.90988   -6.57886  -17.97905    1.68307
  11.99731   20.73847  -21.99975   10.74204   22.18240  -22.36024    1.94694
  36.08909   -1.88816  -26.68458   34.18703   -0.97403  -24.97522    2.71576
  10.29578  -10.68437  -21.57596    9.48278  -10.43621  -20.07931    1.72120
 -34.32350  -25.53891  -12.68783  -34.14183  -25.10011  -12.98341    0.55939
  37.91458   11.75923    5.60879   37.33918   11.38628    4.96412    0.94116
  11.25607  -17.30544   -4.64777   11.26944  -17.25438   -4.64168    0.05313
  34.74795   15.20649  -21.98141   32.85338   14.11901  -20.91856    2.42934
 -12.88468   -2.76588    9.13496  -12.88291   -2.76527    9.13438    0.00196
  -8.10264    6.97482   -1.46433   -8.76573    7.82191   -1.44560    1.07592
  -1.28934   17.01887    3.68148   -1.01960   16.34031    4.23300    0.91508
   1.90969   -8.86767   19.80913    1.90936   -8.85081   19.80060    0.01890
 -23.26528  -21.28691  -45.46423  -23.47849  -21.88049  -48.59438    3.19306
 -30.11095    8.29119  -33.71097  -30.49369    9.01892  -34.30853    1.01645
 -34.20898    1.01849  -39.48774  -35.25901    2.69903  -40.09475    2.07249
  34.67471   15.68468   -4.58162   33.91051   14.77719   -4.66298    1.18918
  18.93677   -5.86563   20.88113   18.90671   -5.60047   20.84757    0.26896
  18.90591  -10.76813  -20.65487   18.32723   -9.37203  -18.63175    2.52527
  20.46117    6.93161   58.79238   22.02530    6.99276   59.09191    1.59373
   8.82603   10.45349  -12.03118    9.09896    9.91353  -11.72485    0.67814
  -7.10145    7.22391   -2.68314   -7.24691    7.55673   -2.73419    0.36679
  -1.20830  -17.89871  -35.95604   -0.58923  -18.06894  -36.21632    0.69280
  16.04063   -5.96843   17.96828   15.96460   -5.60949   17.84195    0.38805
  25.45742  -12.76142  -10.15015   25.07636  -12.41171  -10.20384    0.51998
  -1.63179  -23.31046  -29.92831   -1.36132  -24.19074  -29.86101    0.92335
 -14.08622    7.09778  -10.97274  -13.95856    6.77848  -11.15018    0.38696
   5.73562   -6.31790   28.80876    5.77902   -6.48866   28.80509    0.17623
  -1.97596  -24.97546  -17.13065   -1.74587  -25.07962  -17.11043    0.25338
   6.01042    9.27247   71.34232    6.54885    7.40425   64.70374    6.91743
   5.49163  -17.97026  -14.37805    5.95853  -18.41492  -14.36879    0.64483
   5.74598    1.97829  -21.21828    5.43458    1.41850  -20.10829    1.28157
 -27.82137  -19.76881   -2.83197  -27.36707  -19.86757   -6.04473    3.24622
 -13.88033   -6.39430  -45.03074  -12.04938   -5.27540  -46.80713    2.78565
 -35.07850  -10.23172  -44.02085  -36.92633  -10.12999  -46.26054    2.90535
  37.56470   -2.70634  -20.68579   35.70563   -2.55092  -20.73105    1.86611
  34.09704   13.54572  -25.74334   32.69757   11.61893  -24.76266    2.57541
  -7.61449   28.36921   11.49008   -7.67981   28.21917   11.60566    0.20035
   1.88367   13.58233   69.10882    3.50368   13.03074   63.73235    5.64226
 -11.23401   16.63328    6.23123  -10.00586   15.98946    8.60526    2.74935
 -13.95312    2.49950    5.05129  -13.75197    2.44328    5.04031    0.20915
   2.20982    1.88090  -22.91490    1.97775    1.63362  -21.60548    1.35261
   3.34512   -4.14287  -24.76002    3.25707   -4.21577  -24.56027    0.23014
  37.66864   13.56197  -11.81010   36.20318   12.81239  -10.96182    1.85176
   2.75291    4.38139   69.70865    5.74216    5.28273   64.94415    5.69636
 -43.70317   -3.15550  -20.13616  -43.60277   -3.19987  -20.18921    0.12191
  12.04432   -5.87046   37.99606   12.02109   -5.64994   38.04516    0.22712
  -1.35793   14.89285    2.12043   -1.27650   14.68412    2.28664    0.27897
  33.94194   15.23527  -23.85072   31.89939   14.33884  -22.48980    2.61299
 -23.25948    5.78528  -13.08489  -22.99504    5.31544  -13.78476    0.88347
 -16.40709  -28.90385  -12.29481  -16.81529  -28.33380  -13.04043    1.02349
   3.06305    7.66576  -16.20346    2.70840    7.09703  -15.68462    0.84760
  35.93003   14.02170    5.63202   35.31657   13.65655    5.30865    0.78374
  20.24823   -4.82012  -28.47201   22.17814   -2.97894  -26.58755    3.26584
 -25.86744  -32.06533  -13.05044  -26.39411  -32.22202  -15.20344    2.22202
  20.36816    6.76705   59.68484   21.86346    6.82551   59.97119    1.52359
  18.16861   -7.55618    9.69746   18.21166   -7.68098    9.75111    0.14250
  16.51596   25.30125  -24.68746   16.16563   24.50246  -24.48322    0.89582
