150, PA5-K-Unknown-Output.txt
   -9.8757,     4.4090,     0.6432,   -10.5327,    15.3431,    -7.3362
   -3.8211    23.1877    39.2312    -3.7707    23.1665    39.2423     0.0558
   30.9428    22.1934     0.8542    30.9218    22.1913     0.7990     0.0591
   -8.4389    17.0703    43.6521    -8.3757    17.0465    43.6731     0.0708
   19.0545    19.8485    57.6878    19.1428    19.8471    57.6564     0.0937
   26.4364    -9.5851    -2.0622    26.4329    -9.5911    -2.1032     0.0416
  -21.5714    11.9133   -36.3343   -21.6564    11.8665   -36.2887     0.1072
  -32.9333    10.2148   -26.7431   -32.9990    10.1612   -26.6755     0.1084
  -28.3303   -21.2729   -43.5431   -28.4048   -21.3259   -43.4789     0.1118
   31.6305    -8.7096    -4.9121    31.6211    -8.7122    -4.9632     0.0520
  -30.4780   -25.9983   -20.4596   -30.5053   -26.0491   -20.3901     0.0903
  -36.8000    -6.5916   -42.0375   -36.8825    -6.6506   -41.9598     0.1278
   21.6765    -2.5122    42.7373    21.7528    -2.5142    42.7047     0.0830
   -5.8583     2.8099    53.8103    -5.7654     2.7896    53.8291     0.0970
   -5.5343    25.1385    32.4147    -5.4982    25.1149    32.4286     0.0453
   21.0928    26.6226    -2.0652    21.0628    26.6128    -2.1025     0.0489
  -20.6442     9.9679   -17.4019   -20.6918     9.9249   -17.3574     0.0781
  -10.9639    25.9011    29.3916   -10.9342    25.8731    29.4156     0.0474
   -0.3806    -6.3549    28.8524    -0.3282    -6.3754    28.8621     0.0571
    6.0317    11.0252    58.3308     6.1274    11.0144    58.3257     0.0965
    8.8347    23.7264    52.4188     8.9100    23.7167    52.4060     0.0770
   -6.2307    16.4739    50.6638    -6.1537    16.4528    50.6808     0.0816
  -38.0915     0.2849   -37.1209   -38.1698     0.2258   -37.0419     0.1259
   -7.6950     8.6719    43.3776    -7.6261     8.6485    43.3987     0.0757
   -9.4472    -8.8075     3.1986    -9.4418    -8.8389     3.2255     0.0417
   -9.7566    24.1826    17.1679    -9.7488    24.1533    17.1898     0.0373
  -36.9655   -13.0956   -14.9482   -36.9919   -13.1502   -14.8687     0.1001
  -18.3244   -28.6791   -20.4273   -18.3495   -28.7210   -20.3803     0.0677
   29.6818    22.4326    -3.1626    29.6529    22.4289    -3.2155     0.0604
   31.4479    -9.1082   -17.0390    31.4158    -9.1130   -17.0899     0.0603
   -0.7123   -14.7314   -35.6770    -0.7762   -14.7629   -35.6662     0.0721
  -30.2842     0.9973   -13.4908   -30.3181     0.9478   -13.4264     0.0880
   16.1413    23.3656    35.5227    16.1849    23.3584    35.4959     0.0517
  -28.6793   -12.0803   -47.2891   -28.7676   -12.1342   -47.2258     0.1213
   38.9001    -0.2694     0.8767    38.8956    -0.2657     0.8104     0.0665
  -25.5662   -28.5046   -33.1093   -25.6155   -28.5539   -33.0489     0.0923
  -34.1191   -24.0007   -33.6649   -34.1729   -24.0563   -33.5891     0.1084
   20.2984    19.6095    57.2350    20.3860    19.6090    57.2013     0.0939
   -9.1910     8.8938    33.9667    -9.1402     8.8678    33.9905     0.0618
   -9.6157     7.2804   -39.0391    -9.7022     7.2419   -39.0154     0.0976
   -8.1547   -19.7144   -13.9921    -8.1740   -19.7477   -13.9659     0.0466
    3.8763    24.8888    30.3947     3.9088    24.8718    30.3908     0.0370
    4.5283    24.1412    36.6870     4.5734    24.1257    36.6821     0.0479
   13.2834    20.6723    58.0826    13.3718    20.6668    58.0621     0.0909
   -2.8429    17.9330    -0.2596    -2.8635    17.9059    -0.2500     0.0354
   33.0137     1.9887    18.5231    33.0410     1.9910    18.4678     0.0617
  -19.1790     9.7652   -40.1280   -19.2695     9.7195   -40.0866     0.1096
   31.9340     6.0627    22.3103    31.9655     6.0649    22.2564     0.0624
  -14.9195    11.8726   -31.6508   -14.9954    11.8314   -31.6177     0.0925
  -18.7718     8.3401   -14.8998   -18.8134     8.2989   -14.8585     0.0717
   -2.6461    23.3206    40.4997    -2.5933    23.3004    40.5086     0.0572
   30.9838    -8.0188   -20.9671    30.9434    -8.0246   -21.0173     0.0647
  -15.9289    18.6892    16.0002   -15.9195    18.6552    16.0348     0.0493
  -40.1496    -8.9323   -18.2390   -40.1853    -8.9897   -18.1542     0.1085
   -6.3371   -19.1725   -15.1083    -6.3589   -19.2047   -15.0857     0.0449
   19.7537    -2.2825    57.0347    19.8570    -2.2836    57.0060     0.1072
   -6.7006    -7.1921    20.4136    -6.6637    -7.2186    20.4353     0.0503
   13.4199    22.6211    57.4617    13.5056    22.6156    57.4405     0.0885
   19.0087    26.8971     2.8441    18.9878    26.8865     2.8107     0.0408
  -19.2748     3.6012    -3.7293   -19.2918     3.5614    -3.6860     0.0611
   -8.0992    12.9435    43.5073    -8.0333    12.9198    43.5284     0.0732
  -12.8125    -7.4292     2.9405   -12.8087    -7.4631     2.9735     0.0475
  -30.0551   -26.7707   -22.8448   -30.0864   -26.8216   -22.7760     0.0911
   -4.5588    -3.2553   -43.8935    -4.6467    -3.2909   -43.8776     0.0962
    7.3677    -6.1079    20.4770     7.4042    -6.1241    20.4718     0.0402
   -5.5445     3.1108    55.9968    -5.4476     3.0911    56.0150     0.1005
  -22.1093   -11.9631   -48.6230   -22.2002   -12.0124   -48.5723     0.1151
   19.6094    16.6634   -33.0374    19.5279    16.6473   -33.0706     0.0894
    5.9760    24.1156    36.6270     6.0210    24.1011    36.6193     0.0479
   22.4270    19.2622    44.7227    22.4912    19.2611    44.6849     0.0745
  -27.2075    12.2680   -23.0570   -27.2677    12.2193   -23.0006     0.0958
   13.3061    -5.1815    37.7264    13.3747    -5.1905    37.7101     0.0711
   26.4576    23.3813     8.3230    26.4498    23.3772     8.2762     0.0476
   37.7864    15.2117     7.5580    37.7833    15.2157     7.4911     0.0670
  -18.7564    19.3972    28.3967   -18.7240    19.3633    28.4367     0.0616
   -6.6776    24.1812    15.3237    -6.6732    24.1539    15.3397     0.0319
  -37.2602     2.5154   -18.9615   -37.3056     2.4600   -18.8842     0.1054
    6.3749    25.4880    23.4326     6.3938    25.4716    23.4238     0.0266
   -3.8438   -17.7418   -38.5966    -3.9111   -17.7761   -38.5793     0.0775
   29.0370    -6.2663     7.3291    29.0490    -6.2688     7.2827     0.0480
    0.4006    -9.6083   -36.1696     0.3320    -9.6390   -36.1618     0.0755
   17.1522    21.5277    57.6265    17.2391    21.5249    57.5984     0.0914
  -30.2197     9.7076   -19.3542   -30.2710     9.6573   -19.2915     0.0954
   -3.6071    -1.0373    55.9740    -3.5072    -1.0557    55.9893     0.1027
    8.2491    20.7659   -23.8379     8.1819    20.7430   -23.8502     0.0721
   23.3893     1.8809    52.5321    23.4810     1.8818    52.4956     0.0987
   20.3105    24.0002    17.6916    20.3199    23.9931    17.6565     0.0370
  -29.5652    10.7902   -20.9018   -29.6202    10.7401   -20.8406     0.0964
  -32.3063     9.0277   -20.2954   -32.3589     8.9757   -20.2286     0.0996
  -20.7134    12.5662   -34.8928   -20.7961    12.5203   -34.8489     0.1043
  -33.0249     8.7176   -33.2549   -33.1019     8.6629   -33.1869     0.1164
   -3.4814    -1.1660    54.9865    -3.3832    -1.1844    55.0015     0.1009
  -36.4349     1.5968   -38.8926   -36.5174     1.5386   -38.8170     0.1261
  -14.1825    -2.1434   -47.6982   -14.2786    -2.1867   -47.6642     0.1108
  -28.5902    10.7219   -33.1516   -28.6684    10.6705   -33.0924     0.1107
   40.6769     3.4607     7.6703    40.6826     3.4668     7.6001     0.0707
  -17.8358    21.1162    19.4469   -17.8216    21.0815    19.4847     0.0533
  -39.9094     2.2777   -26.2095   -39.9685     2.2191   -26.1272     0.1170
   -6.5539   -17.6544   -42.9016    -6.6295   -17.6914   -42.8793     0.0870
   22.6743    26.2014    -5.5806    22.6380    26.1922    -5.6209     0.0550
    7.7321    19.6296   -22.0121     7.6692    19.6066   -22.0232     0.0679
   28.1673    23.2699    -9.8315    28.1252    23.2640    -9.8818     0.0659
  -24.3453   -15.8634    -8.6259   -24.3575   -15.9077    -8.5697     0.0726
   -7.2326    13.3945    -3.8346    -7.2568    13.3636    -3.8160     0.0434
   24.8692    10.9735    54.7976    24.9586    10.9759    54.7568     0.0983
   -1.4153     7.1284   -21.5746    -1.4684     7.0988   -21.5661     0.0614
   -7.1864   -21.1306   -39.6890    -7.2534   -21.1675   -39.6649     0.0802
  -38.0232     2.6562   -34.4677   -38.0981     2.5976   -34.3892     0.1233
   41.6963     5.7819     4.6906    41.6947     5.7882     4.6180     0.0729
   23.4397    24.3932   -21.9057    23.3738    24.3818   -21.9474     0.0788
  -19.3231     3.8191    -4.9170   -19.3425     3.7791    -4.8738     0.0620
   40.7499     3.0139     1.1654    40.7436     3.0190     1.0951     0.0708
    0.1246    24.4000     5.5522     0.1103    24.3761     5.5552     0.0280
   -0.8233   -16.0602   -30.0774    -0.8756   -16.0908   -30.0661     0.0617
  -20.4433     7.5655   -15.2009   -20.4850     7.5230   -15.1564     0.0744
   18.7168    25.5184   -25.3239    18.6435    25.5030   -25.3569     0.0819
  -37.1362    -8.5393   -41.4781   -37.2163    -8.5984   -41.3994     0.1269
  -24.9454   -27.3692   -18.9253   -24.9687   -27.4157   -18.8660     0.0789
  -16.6471    -1.1944   -48.0122   -16.7445    -1.2396   -47.9738     0.1141
   -2.6742     0.8985   -29.8162    -2.7385     0.8666   -29.8043     0.0727
  -35.4825     1.4683   -40.4436   -35.5679     1.4105   -40.3698     0.1268
   18.8055    -1.4478   -24.2329    18.7539    -1.4630   -24.2613     0.0608
    5.7557    -1.7888    58.8617     5.8618    -1.7998    58.8594     0.1067
   -7.0737    10.1634   -16.5756    -7.1197    10.1305   -16.5568     0.0596
    8.6248    17.9663   -21.8204     8.5634    17.9441   -21.8329     0.0664
   -7.9377    -9.1962     3.9799    -7.9305    -9.2264     4.0041     0.0393
   35.2593     6.0239    15.0944    35.2772     6.0273    15.0342     0.0630
   10.9142    16.1246   -32.2373    10.8345    16.1023   -32.2539     0.0844
   -3.1361     7.4466   -22.4929    -3.1912     7.4156   -22.4812     0.0643
  -29.9371    10.3981   -32.5593   -30.0139    10.3457   -32.4975     0.1116
   -9.8312    10.2195   -21.4715    -9.8866    10.1838   -21.4476     0.0701
    8.6382    22.6625    56.4441     8.7219    22.6533    56.4320     0.0851
    0.2373   -10.7230     4.6359     0.2470   -10.7471     4.6448     0.0274
  -21.7676    -0.9675    -5.9239   -21.7855    -1.0094    -5.8752     0.0667
  -25.1603   -17.8625    -9.1457   -25.1720   -17.9075    -9.0875     0.0744
  -42.3951   -11.0430   -24.9966   -42.4422   -11.1033   -24.9072     0.1176
  -12.5934    -9.5331    -0.5871   -12.5947    -9.5674    -0.5541     0.0476
   18.1403    -2.9772    57.6041    18.2451    -2.9793    57.5786     0.1079
   32.8389    18.6244     8.8863    32.8357    18.6250     8.8283     0.0581
    2.1299    -5.4729    35.5110     2.1943    -5.4905    35.5159     0.0669
   23.0752    -6.1291    12.0585    23.0959    -6.1352    12.0234     0.0412
   15.9553    23.5123    34.1251    15.9962    23.5048    34.0985     0.0493
  -41.0302    -8.4556   -19.7799   -41.0692    -8.5140   -19.6935     0.1113
    8.7707    -5.2952   -23.8373     8.7226    -5.3178   -23.8459     0.0539
  -16.8252    -7.9325    -1.8653   -16.8302    -7.9701    -1.8246     0.0557
   11.5472    -5.2607    58.0840    11.6544    -5.2676    58.0713     0.1082
  -28.2097   -26.8610   -20.4581   -28.2363   -26.9101   -20.3928     0.0860
   34.9636    18.3583     6.3037    34.9558    18.3600     6.2417     0.0626
   15.1767    -4.9511    47.8357    15.2644    -4.9570    47.8159     0.0900
  -37.4696   -21.6453   -29.1635   -37.5167   -21.7027   -29.0817     0.1105
   18.7142   -11.1514    -1.2240    18.7133   -11.1629    -1.2502     0.0285
