200, PA4-C-Debug-Output.txt
   3.14217   -7.01464   52.60118    3.14176   -7.01778   52.60090    0.00318
  30.04987   12.93950   16.46012   30.04923   12.93932   16.45975    0.00076
 -33.86310  -23.65617  -13.48330  -33.86272  -23.65572  -13.48364    0.00068
   2.22909  -12.95286    1.39279    2.22850  -12.95710    1.39367    0.00437
  -9.40092    1.90453   22.72002   -9.40087    1.90454   22.72001    0.00005
   7.83583   21.65276   -5.44111    7.83397   21.65407   -5.44216    0.00250
  -6.26011   24.39651   30.96004   -6.26173   24.39055   30.95947    0.00620
  -7.05090    7.53273  -21.57026   -7.04922    7.53824  -21.57079    0.00578
  38.14564   -0.50018   -4.97142   38.14173   -0.49768   -4.97169    0.00465
  -5.20996   -8.19022  -42.35110   -5.20880   -8.19000  -42.35214    0.00157
  -0.16389   -6.31237   57.69214   -0.16435   -6.31346   57.69221    0.00119
  11.74506   -5.02036   63.31914   11.74508   -5.02036   63.31958    0.00044
 -23.82349   10.27255  -35.05310  -23.82331   10.27157  -35.05290    0.00101
   2.25491    0.49564   63.44426    2.25496    0.49558   63.44513    0.00087
   7.07832    2.09340  -20.16823    7.07852    2.09401  -20.16896    0.00097
 -10.30677   -0.98845   16.04277  -10.31140   -0.99008   16.04444    0.00518
 -40.90437  -15.62340  -30.97236  -40.90048  -15.62457  -30.96956    0.00494
 -38.39248  -23.02864  -19.59532  -38.39174  -23.02802  -19.59556    0.00100
 -40.74221   -2.27758  -17.46621  -40.74040   -2.27847  -17.46778    0.00256
 -42.43258  -14.05938  -19.74642  -42.42978  -14.05872  -19.74726    0.00300
  -3.53252   10.75193   -3.11661   -3.53071   10.74844   -3.11535    0.00413
  25.88247   11.68677   28.55398   25.88300   11.68694   28.55413    0.00058
 -22.07900    7.12319  -15.97512  -22.07902    7.12153  -15.97661    0.00223
  -6.51980    1.91571   48.41525   -6.51987    1.91570   48.41525    0.00007
  -0.16817  -18.66812  -11.00248   -0.16764  -18.67047  -11.00172    0.00253
 -11.58790    4.05128  -40.81477  -11.58797    4.05120  -40.81469    0.00013
   9.84247   -5.35161   63.38203    9.84253   -5.35161   63.38392    0.00189
 -40.05911  -12.02296  -32.20707  -40.05612  -12.02231  -32.20622    0.00318
   4.48440   -9.29133   18.68495    4.48400   -9.28906   18.68425    0.00242
  22.80092   14.47241   36.33263   22.79772   14.47065   36.33179    0.00375
  14.50324   23.58054  -22.53788   14.50212   23.58237  -22.53808    0.00215
  12.39473  -10.74085    8.81718   12.39520  -10.74288    8.81787    0.00220
  38.33364    3.02051    8.37637   38.33701    3.02072    8.37906    0.00431
 -27.93851  -26.18543  -40.90393  -27.93826  -26.18467  -40.90335    0.00099
  -0.02981   19.96233   42.77990   -0.03074   19.96512   42.78031    0.00297
  22.44453   12.94445   43.71795   22.44586   12.94525   43.71813    0.00156
 -14.89499   12.35544   23.08010  -14.89948   12.35219   23.07951    0.00557
 -29.21358  -14.59875   -6.61531  -29.21361  -14.59891   -6.61488    0.00046
   7.19804   -8.10807  -23.04223    7.19644   -8.10801  -23.04001    0.00273
 -32.48426  -13.22339   -7.09128  -32.48465  -13.22369   -7.09052    0.00090
  32.04877    1.28891   15.61464   32.04792    1.28918   15.61394    0.00113
  18.10180   -1.66708   60.32693   18.10435   -1.66919   60.32722    0.00333
  18.30117   -3.63579  -23.02221   18.30162   -3.63583  -23.02132    0.00100
   8.48260   17.85506   -8.81890    8.48093   17.85531   -8.81994    0.00198
  -6.44687    9.49224   59.82904   -6.44498    9.49167   59.82910    0.00197
  -7.74991  -26.10232  -17.52342   -7.74913  -26.10304  -17.52290    0.00119
 -17.82976   -0.09296   -3.26362  -17.83177   -0.09229   -3.26321    0.00216
 -34.55718   -1.20503  -42.42009  -34.55667   -1.20562  -42.41917    0.00121
   0.28397   23.84353   18.72145    0.28494   23.83874   18.72133    0.00489
 -12.68182  -21.72665   -9.46857  -12.68239  -21.72629   -9.46926    0.00097
  10.72363   -6.67503   53.08270   10.72376   -6.67557   53.08266    0.00055
  -6.99350    7.20886   59.16932   -6.99605    7.20903   59.16930    0.00256
  -3.50339   11.28613   -1.77205   -3.50460   11.28815   -1.77295    0.00252
 -23.71221  -16.05364   -6.12203  -23.71222  -16.05370   -6.12029    0.00175
 -31.95247    6.68072  -35.38797  -31.95249    6.68076  -35.38799    0.00005
 -34.29324  -10.35497  -45.84092  -34.29097  -10.35526  -45.83712    0.00444
 -39.34152  -13.76219  -39.44064  -39.34093  -13.76214  -39.44052    0.00061
   5.07133   21.29044    0.27988    5.06820   21.29220    0.27814    0.00399
 -22.00111    6.51335  -40.81035  -22.00130    6.51215  -40.80934    0.00157
  12.00234   20.28242  -19.20528   11.99853   20.28389  -19.20530    0.00408
 -16.89697    6.12917  -13.17535  -16.89786    6.13165  -13.17295    0.00357
  30.43384   20.66424   -9.18173   30.43702   20.66819   -9.18172    0.00508
 -36.00804  -21.03177  -12.87892  -36.00860  -21.03224  -12.87815    0.00106
  -7.48187  -20.23488   -9.84683   -7.48208  -20.23457   -9.84732    0.00062
  -4.95301  -11.12613  -42.23683   -4.95443  -11.12602  -42.23555    0.00191
  -6.30768   -9.69290    9.49612   -6.30939   -9.69643    9.49706    0.00403
  17.34371   26.75388    3.54887   17.34475   26.75849    3.54933    0.00475
  -6.68431    1.48036   36.88897   -6.68233    1.48050   36.88871    0.00200
 -11.92656  -30.63148  -25.35869  -11.92753  -30.62950  -25.35893    0.00221
  -1.48808   -6.85058  -31.10569   -1.48818   -6.85062  -31.10565    0.00011
  21.45465   12.46630   51.21006   21.45311   12.46571   51.20983    0.00166
   1.25638   14.04839   -2.24250    1.25404   14.05138   -2.24427    0.00418
 -40.06690    1.50053  -22.96093  -40.06833    1.50133  -22.96064    0.00167
   6.60369   16.84065   -5.99636    6.60173   16.84104   -5.99758    0.00234
  33.20049    6.02917   14.29937   33.20526    6.03028   14.30257    0.00585
  18.30947    3.18882   63.00166   18.30944    3.18871   63.00341    0.00175
   3.19694   18.22001   62.00571    3.19701   18.21982   62.00555    0.00025
  22.71071    1.98074   43.91478   22.70970    1.98110   43.91458    0.00109
   7.01844   -7.63198   23.91794    7.01793   -7.63018   23.91758    0.00191
 -10.22347   15.76105   14.75099  -10.22098   15.76019   14.75338    0.00356
 -41.73544   -9.19689  -31.16728  -41.73477   -9.19657  -31.16687    0.00084
 -13.85131   19.26972   18.90473  -13.84975   19.26910   18.90576    0.00197
 -15.32752   20.83609   23.91345  -15.32694   20.83576   23.91358    0.00068
  -6.13154    0.52039   57.61193   -6.13143    0.52043   57.61193    0.00012
 -43.52731  -13.39418  -23.77543  -43.52322  -13.39344  -23.77631    0.00426
  11.06580    0.39958  -20.87514   11.06549    0.40117  -20.87785    0.00316
   8.17435  -13.39463  -19.57855    8.17364  -13.39336  -19.57755    0.00176
  34.75058    1.16689   12.35931   34.75158    1.16675   12.36026    0.00139
 -24.06276  -15.15630   -6.09550  -24.06278  -15.15638   -6.09315    0.00235
 -30.64163  -29.58806  -19.57601  -30.64382  -29.59192  -19.57423    0.00478
  -6.32131    9.91262   60.00140   -6.32173    9.91275   60.00139    0.00043
  16.73435   -3.38535   59.56946   16.73367   -3.38468   59.56941    0.00096
 -14.68702  -23.72637   -9.98826  -14.68705  -23.72370   -9.99075    0.00365
  38.23537   11.24329   -3.06321   38.23899   11.24533   -3.06377    0.00419
 -22.56129   12.24192  -26.47299  -22.56134   12.24248  -26.47293    0.00056
  -2.93483   -4.71091   55.38875   -2.93715   -4.71316   55.38862    0.00323
 -10.24544  -24.40013  -12.63393  -10.24399  -24.40233  -12.63175    0.00342
  -5.33345   21.78827   15.67299   -5.33296   21.78673   15.67410    0.00196
 -25.74450   10.05557  -34.09749  -25.74495   10.05746  -34.09793    0.00198
  16.67983    8.34860  -23.34310   16.67954    8.34858  -23.34314    0.00029
 -18.13001    5.71644  -13.27698  -18.12994    5.71628  -13.27713    0.00023
  23.28854   12.70846   38.97310   23.28736   12.70811   38.97294    0.00124
 -35.07085   -4.46950  -10.62443  -35.07021   -4.47001  -10.62566    0.00147
  27.89890   -4.22803   15.08123   27.89952   -4.22886   15.08160    0.00110
  18.39831   25.39561  -18.93706   18.39734   25.40202  -18.93680    0.00649
 -34.80917  -24.85958  -16.22240  -34.80771  -24.85806  -16.22354    0.00240
 -37.49514    1.58864  -16.81557  -37.49728    1.58979  -16.81445    0.00269
 -30.31961  -20.23365   -8.18919  -30.31919  -20.23328   -8.19005    0.00103
   1.80589    0.60189  -23.68468    1.80664    0.60226  -23.68541    0.00112
  -6.76549    4.25044   44.91753   -6.76727    4.25024   44.91756    0.00179
   8.32688   19.28979   60.74772    8.32707   19.29092   60.74864    0.00147
  33.88957   -6.74868  -13.76600   33.88904   -6.74832  -13.76599    0.00065
   8.84078   23.80603   22.58911    8.84078   23.80606   22.58912    0.00003
 -26.86300  -31.63570  -21.43809  -26.86343  -31.63705  -21.43765    0.00149
  -8.21939  -20.63787   -9.80737   -8.21905  -20.63843   -9.80650    0.00109
 -21.70267  -10.67065  -49.49016  -21.70267  -10.67008  -49.48889    0.00140
 -27.17097  -30.56944  -18.08909  -27.16850  -30.56598  -18.09063    0.00451
 -11.41894  -25.15191  -40.74749  -11.41836  -25.15279  -40.74845    0.00142
  -8.94213    7.94205   31.65467   -8.94053    7.94321   31.65405    0.00207
   4.87989  -12.27536    7.65842    4.87985  -12.27580    7.65842    0.00044
   7.30989   21.26246   40.04986    7.31065   21.25877   40.04997    0.00377
  35.41336   -4.56062  -11.03469   35.41211   -4.55947  -11.03514    0.00176
  19.15180  -16.64458  -13.86944   19.15215  -16.64238  -13.86862    0.00237
  23.18057   13.15788   38.30319   23.17795   13.15658   38.30285    0.00294
  21.50765   12.57999   50.59125   21.50430   12.57872   50.59073    0.00362
  11.67233   -6.86066   24.98907   11.67256   -6.86228   24.98929    0.00165
  19.90072  -11.27614    2.04375   19.90024  -11.27529    2.04327    0.00109
  35.97755    7.75089   10.23315   35.97902    7.75141   10.23456    0.00210
 -36.41661  -25.86421  -30.67825  -36.41745  -25.86506  -30.67839    0.00121
 -35.96704    2.70367  -15.41381  -35.96887    2.70518  -15.41236    0.00278
 -27.97169    8.75062  -17.84871  -27.97134    8.74941  -17.84942    0.00145
  -6.42437   11.54666   45.96115   -6.42145   11.54625   45.96097    0.00295
   6.12518   20.02891   -3.63497    6.12564   20.02871   -3.63478    0.00053
  22.35294   -9.01016  -23.76684   22.35276   -9.01050  -23.76717    0.00051
  20.72743   11.14137   60.70510   20.72721   11.14129   60.70506    0.00023
 -39.73401  -12.21064  -34.93063  -39.72933  -12.20945  -34.93130    0.00487
  22.49855   -0.58859   37.77967   22.50147   -0.59023   37.78064    0.00349
 -18.76809  -11.04521  -49.17006  -18.76814  -11.04519  -49.16979    0.00027
  -9.48510    1.04989   21.41912   -9.48402    1.05010   21.41891    0.00113
 -36.67794  -20.84594  -38.82262  -36.67669  -20.84502  -38.82179    0.00176
  23.83173   19.07640   21.97286   23.83323   19.07790   21.97324    0.00215
 -19.48248  -32.23976  -22.76355  -19.48221  -32.24149  -22.76334    0.00176
  18.32165   23.98890   15.28102   18.32199   23.99000   15.28125    0.00117
  30.32826   16.65162   12.56387   30.32987   16.65283   12.56475    0.00220
  21.41466   -0.48838   44.73409   21.41311   -0.48748   44.73383    0.00181
  16.60356   -6.19377   25.62478   16.60351   -6.19345   25.62475    0.00032
   6.54031   -6.86469   38.28168    6.54046   -6.86599   38.28169    0.00131
   0.71873  -18.89967  -13.47677    0.71787  -18.89368  -13.47678    0.00605
  25.96320   -7.60181    8.10763   25.96274   -7.59598    8.10558    0.00620
  24.39606   24.67032   -0.29640   24.39651   24.67123   -0.29631    0.00101
  -6.03427   -7.99593   17.45483   -6.03597   -7.99764   17.45538    0.00247
 -26.52469  -23.03027  -44.20087  -26.52461  -23.02958  -44.20016    0.00099
  10.89935    5.43541   62.91516   10.89931    5.43554   62.91838    0.00322
  11.93430   20.53701  -15.33249   11.93360   20.53720  -15.33258    0.00073
  22.20875   14.74812   39.02156   22.20664   14.74688   39.02138    0.00245
  31.03509   14.40392   13.55647   31.03533   14.40403   13.55664    0.00031
 -17.46585    1.21115  -45.56950  -17.46557    1.20867  -45.56620    0.00414
  12.00701   17.68058  -27.54570   12.00729   17.68069  -27.54564    0.00031
  12.84451   16.42723  -29.01525   12.84542   16.42761  -29.01505    0.00100
 -33.39900  -24.46906  -14.05519  -33.40085  -24.47121  -14.05360    0.00325
  10.08513   25.49013   12.11858   10.08462   25.48706   12.11799    0.00317
  24.91354   13.03360  -29.71479   24.91511   13.03576  -29.71708    0.00352
  17.23604   -5.76672   27.90964   17.23698   -5.76955   27.90967    0.00298
  21.20883   -5.77469   20.56028   21.20760   -5.77089   20.55988    0.00402
  -2.24119   16.09891    6.49545   -2.24497   16.10284    6.49353    0.00578
  23.54364    8.28973  -30.36529   23.54405    8.28973  -30.36442    0.00097
  34.73587   -3.88627   -2.06241   34.73553   -3.88595   -2.06242    0.00046
  -2.56938   18.26162   45.18344   -2.56909   18.26104   45.18322    0.00069
 -33.23536   -6.41766  -45.32558  -33.23356   -6.41886  -45.32248    0.00378
  -8.93142  -28.32572  -31.67023   -8.92980  -28.32819  -31.67062    0.00298
  13.88847    4.32436   63.06475   13.88835    4.32443   63.06650    0.00175
  22.64277  -15.78721   -9.78457   22.64225  -15.78660   -9.78468    0.00081
  14.91962   11.11748  -17.17825   14.91792   11.11715  -17.17859    0.00176
  25.50521  -10.82961   -0.84901   25.50438  -10.82250   -0.85254    0.00798
  -7.69124    7.39198   36.77315   -7.69368    7.39153   36.77386    0.00258
  10.76659   23.88345   -7.22774   10.76420   23.88566   -7.22904    0.00351
   7.99874   21.66149   -5.72000    7.99689   21.66279   -5.72104    0.00248
  30.63372   -8.70153   -1.35591   30.63386   -8.70173   -1.35588    0.00024
 -12.00677    5.46693    7.61192  -12.00495    5.46564    7.61180    0.00223
  23.12239    2.10931   41.97616   23.12476    2.10847   41.97660    0.00255
  21.16833   24.86624  -19.99022   21.16726   24.86402  -19.99026    0.00246
  26.37867   -2.30573   22.04517   26.37627   -2.30387   22.04434    0.00315
  -5.68336   11.03234   56.80173   -5.67791   11.02971   56.80209    0.00606
   3.72735    0.90989  -22.44086    3.72572    0.90830  -22.43718    0.00432
 -29.55633    7.26072  -15.88395  -29.55634    7.26080  -15.88387    0.00012
  15.45252  -17.69182   -8.15164   15.45305  -17.68898   -8.15131    0.00291
  -3.72541   -3.98338   50.58548   -3.73131   -3.98825   50.58680    0.00776
  13.24120   23.65702   22.51581   13.24102   23.65372   22.51528    0.00335
 -34.51360    1.74244  -13.13167  -34.51572    1.74383  -13.12942    0.00338
  18.17361  -11.64878    3.18143   18.17463  -11.65047    3.18233    0.00217
 -22.55553   11.28177  -32.68170  -22.55520   11.28035  -32.68122    0.00153
  29.38849   20.98063  -17.52042   29.39057   20.98263  -17.52094    0.00293
  -5.21417    4.94452  -26.28197   -5.21590    4.94245  -26.28098    0.00287
  18.38329   -6.46920   19.62351   18.38439   -6.47543   19.62412    0.00635
  11.64554   -7.17039   22.35414   11.64522   -7.16722   22.35377    0.00320
 -25.33121    6.08426  -40.79810  -25.33077    6.08302  -40.79680    0.00185
  10.49845   14.53824  -10.60617   10.49947   14.53798  -10.60489    0.00165
   7.37824   11.64495   63.24504    7.37814   11.64522   63.24945    0.00441
 -24.37387    3.19471  -43.80105  -24.37310    3.19240  -43.79803    0.00388
 -35.86749    3.36635  -15.96087  -35.86353    3.36310  -15.96399    0.00600
