200, PA4-F-Debug-Output.txt
  -3.41479    4.72143  -23.91917   -3.42619    4.70791  -23.91091    0.01952
 -16.33249   10.66495  -34.01542  -16.34254   10.63703  -34.00761    0.03068
   5.53749   20.49616   43.43669    5.54148   20.46931   43.43246    0.02747
  11.77376   25.77733   11.45596   11.76796   25.81373   11.46921    0.03917
 -27.23056  -31.26068  -32.84482  -27.21772  -31.22932  -32.83147    0.03642
  10.95589   17.63536  -11.24321   10.92789   17.62281  -11.26081    0.03537
  -9.99998  -26.26527  -15.42312   -9.99391  -26.27659  -15.40979    0.01851
  -5.42576   20.05087   39.74817   -5.39630   19.90212   39.67537    0.16821
  -6.23842    9.82232   50.49344   -6.26845    9.83272   50.49300    0.03178
  -6.31321   -1.72156   36.14144   -6.20891   -1.70090   36.12824    0.10714
 -10.52602    7.05499    3.02896  -10.45001    6.96941    3.04219    0.11522
  -3.15040  -18.78077  -10.30264   -3.15272  -18.75640  -10.31440    0.02716
 -38.27406  -23.44538  -32.01173  -38.22439  -23.41042  -31.99623    0.06269
 -42.07648  -11.25125  -29.02842  -42.09059  -11.25780  -29.03760    0.01806
  30.49223   -2.79514  -26.23567   30.50032   -2.79864  -26.14372    0.09237
  -2.03589   16.65641   48.95102   -2.10964   16.73396   49.00933    0.12187
   0.28086   10.85201   -7.79980    0.29734   10.81234   -7.78063    0.04705
 -31.94975   -3.33292   -9.92538  -31.93449   -3.35628   -9.97927    0.06069
  -9.03863  -29.20189  -28.17015   -9.09482  -29.12108  -28.15214    0.10007
 -26.78395   -0.18926  -45.45817  -26.81912   -0.13874  -45.53707    0.10008
 -14.90190   12.87439   29.76914  -14.96391   12.82903   29.80121    0.08325
  -6.81574    1.77387   32.91935   -7.18072    1.74773   32.95990    0.36816
   6.37001   10.35624  -12.09483    6.37386   10.32270  -12.07389    0.03973
  21.28949   -3.78553  -24.68358   21.31330   -3.78524  -24.65694    0.03572
  17.87070   27.04233   -1.29726   17.86835   27.02858   -1.29792    0.01396
  20.20726  -12.03734  -20.84868   20.26661  -11.99437  -20.80074    0.08756
  -1.99960  -19.93178  -34.87593   -1.95152  -19.97061  -34.91407    0.07262
  -1.04772  -15.31499  -36.31409   -1.16138  -15.32832  -36.23997    0.13634
  -0.58215   -6.30556   55.76656   -0.54530   -6.23086   55.76686    0.08330
   0.06425    0.36474  -24.88059    0.06183    0.36325  -24.87072    0.01026
   3.31156   20.02973    2.64096    3.25519   20.06015    2.61747    0.06822
 -31.82662  -26.88366  -15.80425  -31.83238  -26.89358  -15.79501    0.01473
  -2.01795   -8.48711  -32.85746   -1.95831   -8.46417  -32.85896    0.06392
 -34.41234    4.48497  -36.85228  -34.38109    4.45182  -36.81721    0.05750
  -6.78097    1.93851   39.63677   -6.59161    1.96817   39.62822    0.19186
 -28.67488  -17.72116   -7.26131  -28.66569  -17.72772   -7.33907    0.07858
  -3.00900   -4.93767  -35.56494   -3.02767   -4.94654  -35.56878    0.02103
   1.90288   -9.26878   20.87397    1.92674   -9.36386   20.89097    0.09949
  21.31812  -14.07949   -3.57851   21.29677  -14.04209   -3.60796    0.05218
 -37.84160  -24.08816  -32.09950  -37.76219  -24.03227  -32.07471    0.10022
 -27.72562   11.11882  -26.23817  -27.73231   11.13425  -26.23761    0.01683
  18.11481   -7.66722   13.62442   18.11462   -7.66620   13.62420    0.00106
  23.10531   -1.24082   33.87605   23.15509   -1.28971   33.89637    0.07267
  35.29596   -2.17575  -19.14014   35.27898   -2.16857  -19.13212    0.02010
  -0.29999  -18.19099  -31.62888   -0.27504  -18.19822  -31.63323    0.02634
   8.44727  -16.14936   -7.14159    8.44979  -16.09728   -7.14224    0.05214
  14.95176   22.66806   31.91355   14.92556   22.51031   31.92399    0.16026
  32.94681    7.87649   14.12007   32.91407    7.86886   14.09806    0.04018
 -36.60814  -19.68200  -12.47119  -36.56478  -19.66153  -12.49802    0.05495
  37.27977   12.90658    3.61866   37.23684   12.88068    3.61899    0.05014
  27.38450   22.77571   -9.68568   27.41811   22.82417   -9.68988    0.05912
  -2.99487   14.90328   58.61620   -2.99527   14.90372   58.61623    0.00060
  22.90123    2.90198  -28.88587   22.94815    2.94586  -28.82011    0.09193
   3.12838   -9.35602   19.39258    3.12246   -9.33241   19.38836    0.02471
   2.68943  -12.36976  -25.78949    2.72377  -12.37060  -25.82063    0.04637
   5.96457  -14.31748  -20.75169    6.03042  -14.38553  -20.79535    0.10427
  -8.03177   20.92586   36.85088   -8.04972   20.97843   36.88739    0.06647
  27.11513    3.66650   26.79146   27.19865    3.65835   26.81801    0.08802
   4.98044   23.72580    6.28887    4.93206   23.79290    6.27337    0.08415
   7.24689   23.00135   28.37676    7.24803   22.90353   28.35951    0.09934
  31.02590   -8.58340   -1.93766   30.99800   -8.54226   -1.94379    0.05009
  23.49756   -7.97339    7.32240   23.51102   -8.02865    7.33859    0.05913
 -13.49659   16.77992   17.79332  -13.56438   16.80470   17.69584    0.12129
 -30.53860  -17.48705  -46.14411  -30.54037  -17.48785  -46.14611    0.00279
  -4.91702   10.74968   -0.38200   -4.89247   10.71883   -0.37308    0.04042
 -26.77203   11.34952  -24.75520  -26.80271   11.43316  -24.74893    0.08930
   9.73015   -6.92661   24.62879    9.75094   -7.12548   24.64737    0.20082
   6.25964   20.30913   44.35849    6.23507   20.46265   44.37061    0.15595
 -31.08756  -29.54347  -32.60977  -31.09816  -29.56103  -32.61730    0.02185
  -3.34899   12.67518    1.92527   -3.32596   12.64221    1.93635    0.04170
  -3.53465   -4.04032   56.91072   -3.54678   -4.05080   56.91187    0.01607
  -8.53340  -28.74965  -26.15151   -8.44043  -28.87136  -26.12925    0.15477
  18.24033   17.51252   51.36934   18.18626   17.45601   51.36211    0.07855
  -3.87313  -24.83443  -28.72600   -3.82538  -24.87878  -28.74004    0.06667
 -23.75539  -30.45192  -16.49220  -23.76695  -30.38775  -16.51934    0.07063
  36.01272    5.59565  -18.72549   35.96350    5.60394  -18.70512    0.05392
  -1.06191   -5.72561   49.39733   -1.04224   -5.68765   49.39965    0.04282
   3.44067   13.60483   63.02437    3.44465   13.61314   63.14234    0.11833
 -40.78018   -5.30001  -35.69332  -40.81116   -5.31308  -35.70926    0.03722
 -33.08289  -27.71690  -18.34323  -33.03197  -27.64888  -18.37046    0.08923
  32.69432    2.05457   15.17306   32.67004    2.06237   15.15336    0.03223
 -30.23227   -8.70947   -6.74616  -30.23782   -8.71914   -6.75266    0.01290
  11.21973   18.95538  -13.54132   11.24655   18.96353  -13.53399    0.02898
  16.46818   -3.51272   58.37151   16.58524   -3.62643   58.38002    0.16342
 -18.99200   11.48749  -32.61573  -18.98833   11.51302  -32.62192    0.02652
 -16.57153   -1.30116  -47.10648  -16.57809   -1.31127  -47.08060    0.02855
 -15.39388   -1.59655    3.86862  -15.42506   -1.59365    3.88003    0.03333
  -1.44148   -5.67860   54.34774   -1.46266   -5.72156   54.34584    0.04794
  36.19368   14.39529    4.20161   36.25277   14.43587    4.19817    0.07176
  -6.73035    4.52637   46.16612   -6.78778    4.52067   46.16565    0.05772
  -5.69435   16.70785   43.70915   -5.66783   16.69275   43.69204    0.03498
   3.61059    4.91601  -19.22754    3.60531    4.90582  -19.21820    0.01479
   9.92430   -3.89058   63.37255    9.92422   -3.89060   63.37012    0.00243
  -8.70055    6.38887  -34.05340   -8.77617    6.31643  -34.01226    0.11250
  -3.88429   -8.77380   20.80094   -3.92606   -8.84086   20.81794    0.08082
  22.83159   10.98357  -31.02369   22.83009   10.98666  -31.00177    0.02219
 -24.96018    3.42647  -13.58208  -24.96227    3.43386  -13.56029    0.02309
 -39.25580   -2.37538  -37.20542  -39.33955   -2.34848  -37.25205    0.09955
  11.35202   24.53831   -7.18872   11.34962   24.54053   -7.19003    0.00353
  17.15725   -8.91202  -21.52305   17.15005   -8.93073  -21.54455    0.02938
 -41.08856  -18.62311  -19.74863  -41.01872  -18.59940  -19.76480    0.07551
 -30.88169    6.09475  -38.05710  -30.84493    6.02240  -38.02498    0.08728
  -3.44053    4.61896  -24.04632   -3.43313    4.62774  -24.05168    0.01268
  -8.03213    6.48247  -28.25242   -8.03349    6.48078  -28.25209    0.00219
  -7.90907   21.72737   16.56958   -7.90353   21.70680   16.58443    0.02596
  -7.87822    5.80825  -30.84431   -7.83612    5.84685  -30.84721    0.05719
  34.72703    4.06669  -21.85152   34.61155    4.06240  -21.78452    0.13358
  10.57833   -6.74951   52.08151   10.55292   -6.64589   52.08897    0.10696
 -10.24940    6.79577   -5.19073  -10.29910    6.87785   -5.18087    0.09646
 -10.81737  -23.54112  -11.68127  -10.82921  -23.52460  -11.71063    0.03570
  13.16712  -17.24872   -8.73076   13.21127  -17.12933   -8.69310    0.13274
  33.97864   12.86283  -19.03397   33.96395   12.85379  -19.03036    0.01763
  16.33324    4.27997   63.07533   16.33258    4.28189   63.04220    0.03319
  21.56130  -15.92522  -15.37618   21.52114  -15.73166  -15.36166    0.19822
 -11.34968  -26.00517  -40.04296  -11.41910  -25.87814  -39.94398    0.17536
 -26.46969  -22.81537   -8.33868  -26.45883  -22.76518   -8.38587    0.06975
 -28.12026  -18.36979   -7.23614  -28.12036  -18.36969   -7.23420    0.00195
  23.31578    5.24313   45.53427   23.10137    5.28628   45.49480    0.22224
 -35.72375  -25.09324  -35.04135  -35.66416  -25.03505  -35.01055    0.08881
   6.03307   -6.81213   39.18853    6.04403   -6.91100   39.18979    0.09949
 -10.23885   -6.94640    8.96552  -10.19258   -6.89945    8.93957    0.07084
  14.47769   -2.32709   63.07839   14.47778   -2.32660   63.08495    0.00658
  -6.73633    8.31220   -9.19077   -6.75916    8.38321   -9.18523    0.07479
  25.66910   21.11161   13.45673   25.68969   21.14318   13.46831    0.03944
  34.70029   -4.81069    4.83133   34.70293   -4.81364    4.83140    0.00396
  23.12771    5.15843   45.92528   23.00549    5.18303   45.90278    0.12669
  24.62842   11.92885   33.31698   24.61858   11.92565   33.31464    0.01061
  -8.11694    8.11255  -21.62476   -8.12319    8.10413  -21.62543    0.01051
 -22.63424  -21.57896  -45.98065  -22.62623  -21.56235  -45.95899    0.02844
  10.66108   22.62504   31.26857   10.66354   22.44829   31.25093    0.17765
   9.84228   -6.53500  -21.82875    9.84211   -6.52923  -21.81527    0.01466
  -6.22548    9.72149   59.67585   -6.35834    9.76191   59.67211    0.13892
 -15.58985  -11.79525   -2.52703  -15.61660  -11.83089   -2.46920    0.07301
 -21.91794   -6.32534   -4.65000  -21.93612   -6.31343   -4.62507    0.03307
 -14.59220    4.87581  -42.02934  -14.60678    4.84764  -41.98842    0.05178
 -11.92736    9.21941  -29.18321  -11.91452    9.23851  -29.18667    0.02327
  17.96119   -7.50239   14.01989   17.97922   -7.60390   14.04093    0.10523
 -29.15847    0.26055  -44.24807  -29.12814    0.22125  -44.18652    0.07908
 -12.23717    9.32988  -18.66749  -12.24342    9.30337  -18.67933    0.02969
  -2.89112   10.96474   62.87909   -2.87128   10.95706   62.83775    0.04650
 -12.14212   20.92345   18.28037  -12.10927   20.87682   18.33063    0.07603
  -0.55643    1.61787  -24.74087   -0.55872    1.61467  -24.73439    0.00758
 -39.63846  -14.67474  -37.36574  -39.66580  -14.67738  -37.37082    0.02794
  13.22761   10.56887  -14.31687   13.18154   10.58382  -14.33801    0.05285
 -10.83070  -18.73031  -44.96589  -10.78833  -18.76432  -44.94221    0.05928
  23.49187    8.00076   44.01323   23.48055    7.99997   44.01208    0.01140
  11.64218   20.21870  -14.54660   11.66663   20.20859  -14.53787    0.02785
  10.62026    2.74531   63.02670   10.62020    2.74782   63.05655    0.02995
 -20.91573  -30.48445  -36.82081  -20.91453  -30.46940  -36.81170    0.01763
   3.99973   -0.46071   63.35812    3.99963   -0.46037   63.33846    0.01967
 -37.66089  -13.35366  -42.31946  -37.63221  -13.34435  -42.30211    0.03479
 -39.67094  -13.24745  -13.81065  -39.65220  -13.24414  -13.82354    0.02299
  37.98869   -1.03698  -11.37851   37.99685   -1.04172  -11.38137    0.00986
 -37.98696    4.17004  -28.80563  -37.96231    4.14955  -28.80116    0.03236
 -35.25836  -17.17995   -9.93773  -35.25478  -17.17760   -9.94276    0.00661
 -40.95991  -19.76615  -29.77781  -40.91716  -19.76317  -29.76641    0.04434
  26.09561   -2.05851   23.78340   26.00253   -1.95791   23.73619    0.14496
  -4.86614   16.21201    9.83157   -4.84219   16.18304    9.85604    0.04485
  15.09223   12.57962   63.11372   15.09051   12.58042   63.16047    0.04679
  24.82963    6.56386  -30.34466   24.82737    6.56539  -30.32530    0.01955
  13.06126    0.87729   62.96376   13.06218    0.87694   63.02171    0.05797
 -30.19793  -11.46727  -47.19729  -30.21207  -11.47184  -47.23170    0.03748
  -4.94599   -2.25434   56.80394   -4.97985   -2.27756   56.80379    0.04105
 -13.43171   16.10282   34.81775  -13.41545   16.11263   34.80148    0.02500
  31.65561   10.94721   14.99431   31.57151   10.91061   14.95159    0.10118
  27.60037   13.13686   21.81373   27.51714   13.11331   21.78590    0.09087
  -7.46991   15.26841   12.41266   -7.52657   15.32179   12.35697    0.09571
 -16.76625    6.31792  -13.37410  -16.77588    6.34483  -13.34804    0.03868
 -42.69917   -2.80989  -26.24100  -42.73531   -2.79525  -26.24065    0.03900
 -20.41144  -31.94010  -21.06125  -20.40981  -32.09035  -21.04057    0.15167
   4.58563   23.14964   27.46915    4.57649   23.08504   27.46010    0.06587
 -43.67125  -11.17455  -22.95337  -43.62236  -11.17055  -22.96388    0.05017
  33.89136    1.70160   13.47705   33.91089    1.69977   13.49169    0.02448
  -6.65913    8.94727   54.06936   -6.51075    8.91272   54.07165    0.15237
 -25.53628  -12.33388  -48.35868  -25.54492  -12.33622  -48.42032    0.06229
  22.04721   19.85915   26.28583   21.97029   19.80598   26.25917    0.09723
 -14.89552  -15.05299  -47.92704  -14.89369  -15.05679  -47.93826    0.01199
  22.26324   20.57788   22.66418   22.19466   20.50019   22.64057    0.10628
   3.60334   11.13476  -10.23392    3.61370   11.10904  -10.22434    0.02933
 -25.46440   -4.83713   -8.09249  -25.50062   -4.79289   -8.02997    0.08472
 -14.42681   11.61097   23.17354  -14.39341   11.63516   23.17796    0.04148
  10.61587   24.73584   15.74949   10.61732   24.78485   15.75626    0.04949
  -8.88792   25.02810   24.45900   -8.88790   25.02440   24.45915    0.00370
  -9.04576    7.14894  -31.58931   -9.05576    7.14053  -31.58817    0.01312
  -7.86993   15.52251   40.21296   -7.84642   15.52346   40.18817    0.03418
   0.44146   12.47487   -3.83599    0.39394   12.58955   -3.88072    0.13195
   2.63815  -15.74379  -24.43757    2.58845  -15.71555  -24.41515    0.06141
   8.14103   20.44210   54.82048    8.13256   20.46672   54.82344    0.02620
  -6.02907    1.98983  -35.74846   -6.03265    1.98791  -35.74758    0.00415
   6.21964   22.67409   29.49623    6.21959   22.68907   29.49910    0.01525
   9.06429   -6.69824   45.88836    9.06204   -6.67897   45.88881    0.01941
  32.50512   -6.88271    0.14875   32.40121   -6.75343    0.14775    0.16587
 -18.81069  -10.51798   -2.92810  -18.80271  -10.51296   -2.94789    0.02192
  25.37500    4.40558   33.37583   25.46935    4.39862   33.39822    0.09722
 -35.40921    6.66109  -29.11388  -35.36128    6.59943  -29.10137    0.07908
 -40.25873  -19.44316  -18.22964  -40.20471  -19.42161  -18.25451    0.06325
  -3.59819  -16.63107  -39.85113   -3.67910  -16.58641  -39.76879    0.12377
  27.41225   -8.85146    4.15458   27.41243   -8.85643    4.15630    0.00526
   6.79614   -1.07196   63.26212    6.79489   -1.06986   63.34359    0.08150
 -28.48361  -28.01819  -14.23542  -28.48695  -28.02399  -14.23055    0.00828
