200, PA4-K-Unknown-Output.txt
 -30.55925    9.00366  -20.14397  -30.57954    9.05580  -20.13036    0.05758
  -9.13544    3.56161   25.65194   -9.00879    3.59030   25.61911    0.13395
  34.05236   -6.43266  -12.90880   34.07657   -6.45738  -12.90383    0.03496
  -7.66870    5.63055  -30.38453   -7.67501    5.62479  -30.38180    0.00896
  -9.19391    4.27182   25.44087   -9.20774    4.26869   25.44445    0.01462
  14.95048   -7.49111   16.67974   14.95381   -7.52053   16.68512    0.03009
  -1.75301   -6.32288  -31.16085   -1.71436   -6.30891  -31.17727    0.04425
  -3.00704   -6.03176   36.22080   -2.97893   -5.93213   36.19552    0.10656
  19.31354  -10.60226  -21.03111   19.30669  -10.60902  -21.03773    0.01168
  12.54930   24.95854   13.95154   12.52553   25.20402   14.01242    0.25403
 -31.14545    5.68550  -38.34469  -31.16020    5.71453  -38.35758    0.03502
 -23.56279  -10.63612   -5.24402  -23.59496  -10.63824   -5.19883    0.05551
 -11.58093  -30.10635  -31.23191  -11.61584  -30.04853  -31.21608    0.06937
  -7.83095  -27.36489  -32.39309   -7.77404  -27.45152  -32.40691    0.10458
 -14.50534   11.09393  -22.87239  -14.50839   11.08030  -22.87510    0.01423
   9.30756  -14.33862    1.83885    9.32475  -14.25562    1.80693    0.09057
  16.44666   25.95556   -9.81060   16.43989   25.97670   -9.81467    0.02258
  31.69689   -8.27937  -11.03643   31.67842   -8.26026  -11.04371    0.02755
  18.38743   -1.56104   58.08542   18.43707   -1.60537   58.09281    0.06696
  31.97734   -6.85918    6.40500   31.97048   -6.84736    6.39931    0.01480
  -4.25093   16.29820   46.22207   -4.26292   16.30630   46.22563    0.01490
  26.64582    3.11856  -29.98900   26.63498    3.12382  -30.02050    0.03373
  12.29507  -16.87419   -8.38268   12.29082  -16.88567   -8.38630    0.01276
 -31.55019    8.94092  -21.94029  -31.55752    8.95193  -21.93713    0.01360
  -2.15080  -19.11702  -35.91339   -2.10210  -19.13086  -35.94706    0.06080
  14.12950  -12.21351    4.86407   14.13251  -12.22772    4.87453    0.01790
 -28.35066  -30.31634  -33.71639  -28.37556  -30.37845  -33.74231    0.07176
  27.91546   -8.15720    6.31049   27.89408   -8.04833    6.27248    0.11728
  12.29876   25.50054   13.15826   12.30840   25.40096   13.13357    0.10305
  22.95907   12.99587   40.87980   22.92725   12.98013   40.87509    0.03581
 -16.18987   15.23687   20.78351  -16.05968   15.26577   20.87512    0.16179
 -19.20377   11.96814  -22.70885  -19.20414   11.92826  -22.70712    0.03992
  24.86409   16.39773  -27.67233   24.89162   16.42993  -27.73517    0.07578
  -4.09986   13.73382    5.54757   -4.04894   13.69180    5.57070    0.06996
 -12.90466  -23.81992  -10.76792  -12.92777  -23.79318  -10.78992    0.04163
   9.03043   13.60477   -9.77428    9.01382   13.61421   -9.80162    0.03335
   3.62389   22.87667    8.45209    3.51843   23.01718    8.39953    0.18338
  -5.30490    0.71213  -35.84078   -5.35239    0.68655  -35.82914    0.05518
  19.62760  -11.58195  -20.55940   19.69442  -11.53357  -20.50543    0.09858
  14.24276   26.31066    8.68319   14.25338   26.40092    8.69616    0.09180
  21.58657   -4.02392   27.57161   21.69066   -4.16021   27.61685    0.17736
  19.43673    7.95888   62.62385   19.44993    7.94664   62.66847    0.04811
  21.22696   21.60966  -26.77575   21.17745   21.55810  -26.71939    0.09102
  32.68265    4.18090   15.20602   32.67387    4.18086   15.19973    0.01081
 -10.60930    6.62255   -5.87523  -10.67547    6.73184   -5.86210    0.12844
  -4.32496   24.70369   25.60746   -4.33770   24.64454   25.60826    0.06052
   1.34421   -2.59645  -25.67821    1.30160   -2.61985  -25.64018    0.06172
 -31.20223    4.04466  -39.90078  -31.26671    4.11154  -39.97777    0.12065
   9.09869  -13.00871  -19.27122    9.12955  -13.06352  -19.31466    0.07644
  20.19211    1.61703   59.55441   20.24781    1.58994   59.56173    0.06236
   2.67061   -3.33482   63.41922    2.67019   -3.33561   63.40120    0.01805
 -17.69011   11.28312  -21.83076  -17.71803   11.21776  -21.86000    0.07685
 -34.85285    3.88362  -15.68231  -34.85723    3.88717  -15.67516    0.00911
  31.40258   18.62863  -15.36459   31.46764   18.66617  -15.37281    0.07556
 -32.57333  -14.05940   -7.35169  -32.53310  -14.02841   -7.43072    0.09394
  14.49461    6.17132   63.08692   14.49767    6.16975   63.04279    0.04426
  25.80661    3.85050   31.38514   25.92011    3.84232   31.41391    0.11737
   0.68503    3.18721  -22.61573    0.72824    3.22242  -22.65661    0.06912
 -36.30610    4.48995  -32.51270  -36.34409    4.52867  -32.53063    0.05713
 -41.04780   -9.06394  -14.83796  -41.01755   -9.05916  -14.85945    0.03741
  29.17228  -11.02403  -11.98017   29.08373  -10.92233  -12.01142    0.13842
 -37.14271  -16.93432  -11.38373  -37.09164  -16.91321  -11.42437    0.06860
  10.70724   -3.23635  -21.91477   10.70753   -3.23431  -21.93451    0.01984
  31.84017   -6.53411  -22.01675   31.92698   -6.62942  -22.08709    0.14687
  -2.33636  -10.37345   13.64598   -2.36571  -10.45338   13.65593    0.08573
  -8.16530   24.79088   22.89500   -8.16662   24.70973   22.91752    0.08422
   8.47939   -7.07108   58.03413    8.48930   -7.17933   58.03117    0.10874
  10.30550    1.15385   63.22321   10.30556    1.15109   63.19055    0.03278
  24.32124   19.82045   18.65444   24.31058   19.80997   18.64924    0.01583
  -3.06925   -5.25458   43.15098   -3.03023   -5.20913   43.15000    0.05991
 -10.40215   10.84809   13.41243  -10.41027   10.85090   13.40973    0.00901
 -15.77988   13.84193   25.81104  -15.58554   13.92225   25.83224    0.21136
 -27.64534  -14.86978   -6.58463  -27.64562  -14.85483   -6.62682    0.04476
  27.49793    2.70537  -30.39262   27.49954    2.70458  -30.38794    0.00501
   8.23602  -15.91801  -14.58626    8.21665  -15.87876  -14.57549    0.04508
 -10.64042  -26.86699  -37.99233  -10.66307  -26.83296  -37.96851    0.04731
  10.62230   -3.76435   63.30733   10.62357   -3.76397   63.34556    0.03826
  19.50645   14.52147  -31.20094   19.50427   14.52234  -31.24698    0.04610
  11.91273  -16.79673   -6.38810   11.85615  -16.93432   -6.39861    0.14914
 -11.96462    1.60125   12.91006  -12.06260    1.59375   12.92407    0.09926
 -19.49718  -20.83471  -46.66415  -19.48687  -20.85709  -46.72323    0.06401
  35.75010   10.44805  -15.62213   35.75973   10.45207  -15.62363    0.01054
  18.77872   26.55291   -4.60044   18.77642   26.53510   -4.59787    0.01814
  11.43782   20.73987  -13.70009   11.55297   20.69228  -13.65901    0.13119
  -7.01351    8.30000  -10.42493   -7.04198    8.38857  -10.41802    0.09329
  -6.01377  -25.58113  -33.25874   -6.04947  -25.54295  -33.24284    0.05464
  14.56221   13.05145  -22.34215   14.46596   12.97900  -22.31312    0.12393
  -1.68315   -7.00751   32.14584   -1.68261   -7.00447   32.14535    0.00312
  38.10256    0.62067  -13.01400   38.14933    0.61945  -13.03111    0.04981
  20.43781  -12.09336  -20.87081   20.41809  -12.10763  -20.88674    0.02909
  11.69924   21.61962  -12.69581   11.61355   21.65401  -12.73104    0.09883
 -20.59086  -15.87408   -5.91733  -20.59767  -15.88398   -5.88503    0.03447
   0.96003   19.50155   45.56628    0.97317   19.42464   45.56704    0.07803
   9.65554   -5.53983   63.39772    9.65530   -5.53984   63.39060    0.00712
   9.06059   -6.63883   34.78851    9.05549   -6.60497   34.78827    0.03424
 -14.25146  -23.87873  -43.50768  -14.27420  -23.74838  -43.37599    0.18668
  -6.03558    5.28333  -26.86803   -6.03507    5.28408  -26.86843    0.00099
  21.63679   17.62709  -28.96871   21.67699   17.67517  -29.03646    0.09230
 -11.99264    9.75190   20.21492  -12.14217    9.72513   20.20953    0.15201
  23.27502   11.66602   41.01070   23.33844   11.68541   41.01734    0.06666
  14.11467   19.09742   60.31827   14.18850   19.20558   60.33124    0.13159
 -15.03736    0.90577    3.54341  -15.03566    0.90480    3.54272    0.00207
 -28.04770    0.82090  -12.41002  -28.03353    0.78399  -12.50635    0.10413
  25.29891    1.57133  -29.55543   25.33424    1.62499  -29.43919    0.13282
 -24.48269  -32.79677  -24.87743  -24.46782  -32.65684  -24.88067    0.14075
  -4.31868  -25.89700  -26.24369   -4.25284  -25.98342  -26.25808    0.10959
  13.78671   23.36547  -16.73699   13.80411   23.34313  -16.73226    0.02871
   2.85700   18.48895   58.28771    2.86597   18.46433   58.28460    0.02638
  16.16082   -7.89612   14.08604   16.16689   -7.92694   14.09245    0.03206
  -4.56966  -25.95797  -27.53014   -4.54364  -25.99213  -27.53583    0.04332
  18.10731   -8.63766  -22.27044   18.09071   -8.67067  -22.29807    0.04614
 -34.78599  -27.66138  -26.64808  -34.87170  -27.76866  -26.65652    0.13758
 -43.03972   -4.99103  -20.34329  -43.05265   -4.98267  -20.33964    0.01582
   3.00207    2.13542  -21.90752    3.01149    2.14999  -21.92747    0.02644
 -26.91906    6.98342  -15.63761  -26.91843    6.97131  -15.65498    0.02119
  32.85311   17.73845  -13.19772   32.82332   17.71548  -13.19512    0.03771
  11.22710   17.82778  -12.51103   11.30025   17.85001  -12.49106    0.07902
   8.77441   23.82390   -3.97642    8.82260   23.77468   -3.95536    0.07204
  34.92334   15.68249   -0.45350   34.91225   15.67198   -0.45091    0.01550
  -8.99344  -26.94186  -36.07957   -9.03146  -26.88026  -36.04385    0.08072
  14.81650   -4.76283   57.23853   14.86068   -4.83800   57.24534    0.08746
   4.92516   21.76689   33.38325    4.92935   21.82350   33.39435    0.05783
  38.23944    2.03420    8.37545   38.24036    2.03406    8.37614    0.00116
  -3.12474   -4.59296   56.20533   -3.09310   -4.56214   56.20498    0.04417
  -7.25646  -23.90061  -14.60434   -7.29641  -23.82352  -14.66005    0.10316
 -10.78218    8.66837   11.89246  -10.84971    8.70465   11.87371    0.07892
   4.07886   12.72748   63.16098    4.07961   12.72904   63.18321    0.02230
  -8.75773   25.18304   27.51906   -8.76292   25.09431   27.49708    0.09156
 -41.30435  -18.37741  -29.57334  -41.30824  -18.37867  -29.57578    0.00476
  28.10961   -0.83319   20.90260   28.00845   -0.78695   20.85108    0.12258
 -12.04168   10.40243  -24.17678  -12.07706   10.34549  -24.16658    0.06781
   8.30417   22.30454   31.23934    8.30066   22.39033   31.24883    0.08639
  11.72372   24.55785   -8.44850   11.83748   24.44803   -8.40381    0.16431
   8.29829   25.68471    6.68386    8.24313   25.81164    6.70312    0.13972
  12.89511   19.97158   60.54868   12.91297   20.12949   60.56807    0.16009
  20.76391    9.25454   61.73971   20.85319    9.26594   61.76760    0.09422
   2.39459   23.75210   23.67998    2.39311   23.74103   23.67947    0.01118
 -38.61485  -21.00883  -16.48207  -38.46561  -20.91931  -16.58590    0.20265
 -15.33028   11.28259  -29.59442  -15.36786   11.19949  -29.58041    0.09228
  -4.28429   17.09145   45.49063   -4.28212   17.09022   45.48923    0.00286
  28.93566   -5.13425   12.82684   28.97249   -5.24320   12.88635    0.12950
  -9.12200   22.77495   18.38388   -9.10542   22.69723   18.43868    0.09653
 -16.81140    1.48196   -1.40436  -16.71862    1.40639   -1.42833    0.12204
 -28.00572  -14.15973  -47.52580  -28.03375  -14.17543  -47.59637    0.07753
 -31.43173  -28.06430  -35.59054  -31.44647  -28.08924  -35.60098    0.03079
 -23.23257   11.84229  -21.48048  -23.22505   11.78127  -21.48437    0.06160
  20.11435   -9.88239    4.65198   20.12554   -9.90214    4.66089    0.02439
 -44.25763   -8.68158  -25.07341  -44.36692   -8.69103  -25.10112    0.11314
  -8.28225  -18.52371   -7.57793   -8.28224  -18.52566   -7.57569    0.00297
 -13.69891  -28.72684  -37.36666  -13.71326  -28.67533  -37.34082    0.05939
  21.97199   -5.81475   17.08827   21.99598   -5.90936   17.11410    0.10097
  11.23261   -4.22371   63.33280   11.23251   -4.22374   63.32989    0.00292
   1.78803  -16.93978  -24.47158    1.82817  -16.96519  -24.49033    0.05107
  -3.80475  -23.50523  -18.72190   -3.81736  -23.48691  -18.72680    0.02278
  30.03483    9.62534   18.57556   30.05077    9.63178   18.58207    0.01838
 -28.73908  -29.37699  -35.35061  -28.77248  -29.48077  -35.41211    0.12517
 -39.86278  -14.71567  -35.16573  -39.92747  -14.72088  -35.17126    0.06513
  17.29824   20.40330  -29.55458   17.29569   20.39940  -29.54874    0.00747
 -11.47308   -3.02891  -45.75923  -11.51353   -3.05789  -45.71006    0.06996
  19.74863   21.40417   26.23820   19.74613   21.39953   26.23726    0.00536
 -34.67394   -1.17822  -42.46051  -34.63404   -1.22436  -42.38837    0.09448
 -34.60645    5.09361  -17.53171  -34.63419    5.12074  -17.52479    0.03941
 -26.50484   -4.79473  -47.83899  -26.49437   -4.77115  -47.88440    0.05222
  -0.85361   11.47763   -5.52725   -0.79133   11.40064   -5.48689    0.10693
   9.39302   -9.65255  -22.10574    9.40095   -9.67103  -22.13418    0.03483
 -40.38437    1.01440  -27.16521  -40.49817    1.09134  -27.17235    0.13756
   9.58593    9.87454  -12.69090    9.59163    9.93881  -12.74530    0.08440
 -26.17335  -10.47322  -48.41224  -26.17208  -10.47287  -48.40314    0.00920
 -26.59036   11.40783  -25.24180  -26.63544   11.53074  -25.23259    0.13124
  -7.07929  -20.41337  -10.13628   -7.07935  -20.41328  -10.13642    0.00017
 -12.93268    4.80163    2.05562  -12.95855    4.83365    2.05841    0.04126
   8.71035   22.99902   -5.48356    8.77246   22.95160   -5.44348    0.08782
  14.21032  -15.95279  -13.21427   14.24470  -15.83571  -13.16564    0.13136
 -29.69487  -12.12084  -47.25946  -29.70896  -12.12630  -47.30984    0.05260
  -6.62684    3.02381   56.23285   -6.73535    3.00921   56.22725    0.10963
  16.58841   -4.99860   45.41516   16.50486   -4.85645   45.40037    0.16555
 -26.30297  -19.36234   -7.11421  -26.32064  -19.35666   -6.99241    0.12321
 -10.60835    6.95576   23.71221  -10.58371    6.96649   23.70647    0.02748
  11.44538   19.66080  -22.64002   11.51026   19.63260  -22.64586    0.07099
 -23.21041    1.29338  -11.06158  -23.14162    1.22538  -11.13800    0.12328
 -16.57497  -31.62949  -22.58873  -16.52140  -31.82721  -22.55200    0.20812
  21.82565   10.33417   56.03953   21.61917   10.29842   56.01389    0.21112
  -1.86767   -5.77900   41.08479   -1.86196   -5.76407   41.08542    0.01599
  -6.39650   10.14148   53.34865   -6.18904   10.06951   53.34493    0.21961
  24.48232  -11.34880   -1.62344   24.48009  -11.32962   -1.63297    0.02153
   9.26439   23.70776   -5.09907    9.26687   23.70522   -5.09751    0.00387
 -13.05427   10.69547  -25.22213  -13.02438   10.74357  -25.23074    0.05728
  22.96470   22.81400   12.72900   23.01050   22.93484   12.75574    0.13196
  13.29078   22.19525   38.60411   13.28835   22.21083   38.60371    0.01577
  11.15489   25.34620   13.42485   11.16527   25.22935   13.39444    0.12119
  10.90457   23.60069   23.91084   10.90187   23.50659   23.89213    0.09597
  18.14686   23.97052   14.75392   18.19505   24.12862   14.78580    0.16833
  24.24021  -14.74316  -14.39539   24.31545  -14.86457  -14.40135    0.14295
  -7.19865   -1.29002   30.11194   -7.17775   -1.28736   30.10801    0.02143
  21.13682  -11.58881  -21.31485   21.13529  -11.59605  -21.33735    0.02369
   2.67529  -18.01577  -11.67337    2.66582  -17.99985  -11.67939    0.01947
 -12.60485    4.71979   11.24240  -12.46574    4.69940   11.22426    0.14176
 -40.07054    1.69974  -28.58935  -40.03675    1.67625  -28.58808    0.04117
  -0.96939   12.22964   -3.15315   -1.00182   12.27603   -3.17261    0.05985
   4.73694    4.67831   63.36827    4.73929    4.67977   63.39428    0.02616
