75, PA4-A-Debug-Output.txt
  -4.76523   20.38775   13.36044   -4.76683   20.38423   13.36185    0.00411
  -6.13158   17.36735   12.29557   -6.13419   17.36472   12.29568    0.00370
  -0.25092    4.91662  -21.87844   -0.25469    4.91456  -21.87736    0.00443
 -30.47620  -21.33298  -44.17032  -30.48186  -21.33511  -44.17608    0.00836
  13.62510   15.10632  -16.41911   13.62262   15.10566  -16.41901    0.00256
  24.37099   14.76731   29.17236   24.36972   14.76383   29.17234    0.00371
   1.85262   22.91012   11.20720    1.85184   22.90550   11.20854    0.00487
  26.14450   -9.23004    3.20223   26.14266   -9.23223    3.20053    0.00332
   1.28194   -3.92726  -26.17865    1.27936   -3.92743  -26.17947    0.00271
  -5.97500    0.12057   51.08801   -5.97438    0.11561   51.08744    0.00503
  23.23571   15.58256   32.07808   23.23139   15.57715   32.07745    0.00695
 -29.30501    4.92991  -40.31906  -29.30753    4.92998  -40.31825    0.00265
  -5.28860   24.20290   30.18996   -5.29032   24.19889   30.19103    0.00450
   7.58266   23.73019   22.84721    7.58100   23.72261   22.84746    0.00776
 -19.82596    2.40128   -9.81612  -19.83002    2.40260   -9.81415    0.00470
  20.99851  -16.87516  -10.53772   20.99477  -16.87310  -10.54006    0.00487
  -8.02202   -0.58346   26.40112   -8.02219   -0.58712   26.40023    0.00376
  15.84179  -12.66543    3.37197   15.83886  -12.66409    3.36852    0.00472
  23.60772    8.86786   42.85087   23.60694    8.86325   42.85046    0.00468
 -43.54717  -14.43621  -26.34807  -43.55096  -14.43720  -26.34890    0.00400
 -40.59357    0.90734  -28.05195  -40.59319    0.90488  -28.05176    0.00250
  -8.13522    6.74879   32.84117   -8.13897    6.74368   32.84142    0.00634
 -15.38462  -31.24947  -32.31692  -15.38659  -31.25021  -32.31972    0.00351
 -32.81196  -15.01587   -7.87640  -32.81440  -15.01796   -7.87546    0.00334
  35.18190   14.97418   -3.19442   35.18186   14.97498   -3.19461    0.00083
  -5.67911    0.09877   62.16292   -5.68151    0.09245   62.16217    0.00681
  20.84182   -4.74473   26.74520   20.84040   -4.74839   26.74381    0.00417
   0.66460    1.71811  -24.01860    0.66335    1.71883  -24.02035    0.00226
   2.64610   18.63234   55.54737    2.64593   18.62318   55.54772    0.00917
  38.50232    3.30765  -12.27177   38.50329    3.30714  -12.27429    0.00275
  -8.57359  -20.68307   -9.69091   -8.57594  -20.68380   -9.69389    0.00386
 -39.61475  -20.67982  -33.03772  -39.61774  -20.68025  -33.03940    0.00346
  22.16024   10.01877   51.79267   22.15614   10.01277   51.79191    0.00730
 -14.82788   11.11068  -28.64629  -14.82926   11.11335  -28.64643    0.00301
  28.19822   11.29499   21.29411   28.19710   11.29207   21.29390    0.00314
  14.50865  -16.63343  -11.28734   14.50570  -16.63757  -11.29065    0.00607
  -6.86009    3.25020   36.90811   -6.86130    3.24565   36.90774    0.00472
   0.01631   17.11032   59.60251    0.01636   17.10227   59.60281    0.00806
  -8.17559    8.19454  -14.12930   -8.17805    8.19498  -14.12925    0.00250
 -22.84752    3.75478  -13.32890  -22.84973    3.75337  -13.32933    0.00265
  32.32529    6.64604  -25.69847   32.32332    6.64620  -25.69962    0.00228
  21.06235   11.53298   58.06801   21.06246   11.52766   58.06793    0.00533
   2.52581   18.27775    2.46701    2.52407   18.27535    2.46780    0.00306
  -9.78020    7.20314   -7.63228   -9.78153    7.19933   -7.63215    0.00405
  21.26450   10.30062   58.91123   21.26286   10.29474   58.91079    0.00613
  21.11572   10.60826   59.49784   21.11653   10.60306   59.49782    0.00527
  36.17483   -2.80619   -6.48495   36.17200   -2.80654   -6.48662    0.00331
   9.02159   18.60206   -9.51775    9.01906   18.60090   -9.51742    0.00280
 -40.83801  -14.75724  -16.22841  -40.84029  -14.75854  -16.22935    0.00278
  14.29719   19.73608   56.64231   14.29426   19.72815   56.64233    0.00846
 -33.13545    8.07335  -29.67951  -33.13904    8.07473  -29.67933    0.00385
   5.61128   24.52467    7.33980    5.60666   24.52571    7.33990    0.00474
  -7.31422  -24.67511  -37.30707   -7.31691  -24.67427  -37.30912    0.00350
 -13.15328  -21.49506  -44.18091  -13.15584  -21.49407  -44.18284    0.00335
 -15.67753    9.60963  -36.39234  -15.68035    9.60992  -36.39205    0.00284
 -14.85431   21.56076   27.18712  -14.85348   21.55498   27.18762    0.00586
 -19.12348   11.26255  -33.73255  -19.12670   11.25982  -33.73135    0.00439
  12.91600   23.69892  -12.04275   12.91541   23.69457  -12.04074    0.00483
  -0.15658  -11.25229  -31.45091   -0.15877  -11.25200  -31.45244    0.00269
  31.32930   19.53684   -2.82285   31.32924   19.53696   -2.82281    0.00014
 -43.86724  -10.51068  -23.71146  -43.86963  -10.51147  -23.71209    0.00260
 -34.18526  -20.25561  -10.86793  -34.18766  -20.25751  -10.86897    0.00324
  31.20195   -6.13172  -23.42088   31.20451   -6.13563  -23.42690    0.00762
 -10.47184  -11.01336  -46.93800  -10.47496  -11.01206  -46.93802    0.00337
 -20.51047  -11.18623  -49.50801  -20.51328  -11.18493  -49.50862    0.00316
 -27.32098    4.98565  -14.26897  -27.32330    4.98452  -14.26860    0.00260
  38.28558    0.24691    7.10364   38.28049    0.24611    7.10107    0.00576
  34.11914    0.15702  -22.54787   34.11597    0.15701  -22.54865    0.00326
   1.15829   18.90955   49.08050    1.15697   18.90413   49.08107    0.00561
  22.46666  -12.81255  -20.84605   22.46386  -12.81156  -20.84731    0.00323
  -3.73719  -16.94442  -39.63101   -3.73895  -16.94407  -39.63360    0.00315
  -6.14191   15.37780   10.87252   -6.14431   15.37535   10.87275    0.00344
  15.42401   11.28625   63.18098   15.42303   11.28011   63.17937    0.00643
  26.21432    6.50285   30.84973   26.21033    6.49887   30.84835    0.00580
 -39.69197    2.09966  -29.51635  -39.69735    2.10134  -29.51634    0.00564
