200, PA4-D-Debug-Output.txt
   4.64148   10.64674  -11.33561    4.64150   10.64569  -11.33496    0.00123
 -33.66358  -26.57892  -17.16295  -33.66550  -26.58098  -17.16183    0.00303
   3.95660   19.38075    0.62465    3.95714   19.38058    0.62492    0.00063
 -14.55652    6.26197  -40.58653  -14.55621    6.26264  -40.58711    0.00094
  16.81394  -17.29501   -6.20671   16.81338  -17.28361   -6.20879    0.01160
  39.18892    5.12060   -9.54451   39.18533    5.11992   -9.54356    0.00378
  39.65342    7.81047    0.29481   39.66280    7.81300    0.29497    0.00971
  20.02150  -13.50201   -1.82292   20.02156  -13.50212   -1.82285    0.00014
 -14.29930   17.29535   33.74890  -14.29666   17.29475   33.74731    0.00314
 -29.72241  -16.96675   -7.52587  -29.72215  -16.96693   -7.52805    0.00221
   4.36689   20.26841   43.59927    4.36690   20.26838   43.59927    0.00003
  13.73485   -6.58817   25.24942   13.73525   -6.59287   25.25008    0.00476
 -22.06089  -32.76386  -26.67207  -22.06097  -32.75949  -26.67241    0.00438
  -3.93122  -16.37953  -40.13795   -3.93522  -16.37732  -40.13387    0.00612
  27.66298    8.15058   25.23275   27.66600    8.15093   25.23363    0.00316
  10.01683   26.25183    7.39500   10.01815   26.24486    7.39431    0.00714
  11.27595   -9.14212   13.65444   11.27643   -9.14380   13.65505    0.00185
  19.25597  -17.38435  -10.01993   19.25482  -17.37897  -10.02088    0.00559
 -19.72093  -20.86684  -46.75896  -19.72072  -20.86730  -46.76018    0.00132
   6.82229   -7.50158   25.61321    6.82461   -7.51374   25.61417    0.01241
  36.09930   -2.64680   -4.27550   36.09242   -2.63960   -4.27612    0.00998
 -21.46962    8.10366  -17.04775  -21.46973    8.10103  -17.05023    0.00361
  29.47601   16.15788   14.34044   29.47900   16.16017   14.34264    0.00436
  -8.55788   -0.37707   24.12362   -8.55502   -0.37650   24.12286    0.00302
  -3.37984   11.81290   -0.52390   -3.38047   11.81380   -0.52417    0.00113
  13.18913   23.65972   22.55582   13.18861   23.65036   22.55432    0.00949
  33.59674   13.28456  -19.45487   33.59520   13.28361  -19.45449    0.00184
  36.86913   -1.16824    8.87121   36.86444   -1.16631    8.86871    0.00565
  -3.45423  -11.57832    5.54065   -3.45459  -11.58029    5.54110    0.00206
  -7.82568    8.18970  -11.10787   -7.82419    8.18327  -11.10751    0.00662
   0.36757   -4.04841  -26.95119    0.36732   -4.04849  -26.95089    0.00039
  16.40155   -0.60791   62.96350   16.40157   -0.60792   62.96225    0.00125
 -42.97023   -7.31266  -19.60391  -42.97296   -7.31263  -19.60320    0.00281
  17.79712   19.22975  -30.11567   17.79644   19.22871  -30.11417    0.00195
  12.80832   24.96374   -8.93864   12.80593   24.96797   -8.94083    0.00533
  18.95433   -9.65955    6.47720   18.95368   -9.65830    6.47655    0.00156
 -38.40932   -0.34601  -37.26724  -38.40693   -0.34744  -37.26591    0.00308
 -18.01243   -5.39593   -1.21973  -18.01402   -5.39625   -1.21876    0.00189
   8.41300   -9.60663  -22.51171    8.41148   -9.60396  -22.50770    0.00506
 -38.66363  -21.12961  -34.73515  -38.66864  -21.13250  -34.73723    0.00614
 -16.18900  -22.87346  -44.25353  -16.18912  -22.87325  -44.25323    0.00039
  36.79624   13.01275   -4.13131   36.79886   13.01557   -4.13176    0.00387
 -14.96586    5.36588  -41.70893  -14.96696    5.36338  -41.70596    0.00403
 -22.85207   -9.28230   -4.67494  -22.84683   -9.28377   -4.68199    0.00890
  -4.17397   11.87537    1.43958   -4.16970   11.86988    1.44145    0.00720
 -29.69487    5.16896  -14.36878  -29.69488    5.16962  -14.36751    0.00144
  19.17420   -5.34055   26.95028   19.17462   -5.34216   26.95046    0.00168
 -33.02472    2.65207  -40.04161  -33.02149    2.64709  -40.03775    0.00708
 -31.76006    4.03847  -39.60276  -31.76161    4.03994  -39.60448    0.00274
  -5.35403   23.12834   33.60975   -5.35423   23.12768   33.60942    0.00077
  31.54165   14.77792   12.61957   31.53682   14.77581   12.61608    0.00632
  10.76864   -6.34219   36.70749   10.76718   -6.33250   36.70738    0.00980
 -41.02334  -15.67215  -30.82299  -41.02151  -15.67271  -30.82167    0.00233
   8.65345   -6.87262   49.41805    8.65357   -6.87715   49.41773    0.00454
  16.11149   24.45932  -23.45797   16.11058   24.46081  -23.45813    0.00175
  -4.52331   18.38987   42.16635   -4.51857   18.38130   42.16310    0.01032
  14.84424  -13.53832  -17.18719   14.84320  -13.54248  -17.19063    0.00550
   5.59448   23.83948   21.27338    5.59452   23.84042   21.27351    0.00095
  -2.61417   -5.48824  -32.57254   -2.61177   -5.48717  -32.57356    0.00282
  22.81357   25.18618    1.63478   22.81623   25.19325    1.63537    0.00758
  13.67988   26.44990    8.84944   13.67948   26.44651    8.84895    0.00345
 -27.40402    3.48086  -42.50502  -27.40306    3.47912  -42.50316    0.00272
 -35.03978    6.37477  -30.97735  -35.04009    6.37515  -30.97749    0.00051
  -8.07780    7.95917   -6.24712   -8.07808    7.95990   -6.24717    0.00079
  -5.11933   -3.94263   34.14471   -5.11872   -3.94209   34.14441    0.00086
   8.69478  -14.73226  -17.15748    8.69359  -14.72991  -17.15625    0.00291
 -10.65401  -26.64915  -15.41697  -10.65603  -26.64539  -15.42141    0.00616
  -0.22475   18.53195    6.36040   -0.22247   18.53010    6.36178    0.00325
  30.44699   -3.36452   14.16114   30.44662   -3.36393   14.16058    0.00089
  17.08716   23.28669  -26.83952   17.08802   23.28996  -26.84253    0.00452
  28.72813    7.15188   22.41353   28.72769    7.15182   22.41336    0.00048
  21.26456    5.02213   58.11687   21.26613    5.02182   58.11703    0.00161
  -8.67844  -26.11025  -16.34059   -8.68235  -26.10589  -16.34386    0.00671
  -1.06315    9.59427  -11.01280   -1.06224    9.59133  -11.01218    0.00314
 -14.79641  -10.90719   -0.96885  -14.79988  -10.91258   -0.96451    0.00774
  28.02519   22.28552  -15.81027   28.02830   22.29034  -15.81018    0.00573
  -5.15424   14.28730    8.07351   -5.15140   14.28445    8.07639    0.00494
 -16.60040    7.30382  -40.25003  -16.60028    7.30004  -40.24759    0.00450
  30.19797   20.68453   -5.13836   30.19820   20.68481   -5.13834    0.00036
   0.30858  -19.79529  -24.97274    0.30487  -19.79313  -24.97178    0.00439
 -33.69914  -15.33496  -45.27744  -33.69841  -15.33367  -45.27492    0.00292
  10.22802  -10.63957   10.48974   10.22769  -10.63808   10.48908    0.00166
   1.22813   -6.84036   39.75901    1.22744   -6.85217   39.75912    0.01183
 -29.86172  -27.50040  -38.09737  -29.86167  -27.50029  -38.09730    0.00014
  12.52515   -6.31647   40.22566   12.52490   -6.31320   40.22590    0.00329
  28.67837  -11.00634  -19.17840   28.67657  -11.00389  -19.17762    0.00314
 -23.23182  -21.22570  -45.99756  -23.23093  -21.22386  -45.99515    0.00316
 -37.71592   -0.51440  -38.47448  -37.71807   -0.51288  -38.47592    0.00300
 -38.04835  -19.85471  -15.03083  -38.04527  -19.85273  -15.03317    0.00434
  -6.96796    6.85491   49.26353   -6.96309    6.85402   49.26378    0.00496
 -10.48759   22.32355   33.71106  -10.48540   22.32031   33.70878    0.00453
 -34.20961    5.28362  -35.45824  -34.21279    5.28744  -35.46014    0.00532
 -28.04710  -22.78844  -44.07830  -28.04614  -22.78560  -44.07533    0.00423
 -14.46118   -0.36035  -45.85409  -14.46213   -0.36177  -45.85197    0.00273
  -7.21272    1.36271   32.50723   -7.20358    1.36336   32.50621    0.00922
 -10.17423    8.00336  -13.13789  -10.17467    8.00486  -13.13750    0.00161
  18.21821   23.98483   15.41643   18.22077   23.99324   15.41812    0.00896
  -9.70767   -2.18841   17.19404   -9.70921   -2.18871   17.19439    0.00161
  33.41849   16.62012    7.17002   33.41642   16.61823    7.16899    0.00298
   1.17222   -6.41167  -27.28766    1.16815   -6.41221  -27.28402    0.00549
 -10.40508   -8.32159  -46.93030  -10.40399   -8.32129  -46.93377    0.00365
  10.91543   21.83307   36.27880   10.91590   21.82992   36.27861    0.00319
 -16.60126  -30.54529  -18.46560  -16.59947  -30.55144  -18.46303    0.00690
 -37.44354    0.00877  -38.35082  -37.43830    0.00507  -38.34732    0.00730
  -6.53379   -8.18682   15.02178   -6.53671   -8.19056   15.02250    0.00480
  20.80360   25.03289  -19.74536   20.80377   25.03324  -19.74536    0.00038
   7.20151   20.58072   44.74773    7.20045   20.58736   44.74825    0.00674
  27.81603   22.62350   -4.31288   27.81183   22.61833   -4.31272    0.00666
  12.16120   17.30418  -21.61752   12.15489   17.30173  -21.61641    0.00686
 -13.52866   -6.02171  -47.70509  -13.52864   -6.02152  -47.70573    0.00067
  26.12231   -5.93045   12.84673   26.12140   -5.92289   12.84276    0.00859
  19.14865   16.44023   50.85078   19.15008   16.44138   50.85098    0.00184
  23.19818   23.84133    8.38868   23.19889   23.84322    8.38917    0.00207
   7.28883   22.36569   31.20537    7.28883   22.36551   31.20533    0.00018
   6.95290   -7.74257   23.45691    6.95195   -7.73918   23.45624    0.00359
  21.06162   23.82409  -24.12535   21.06361   23.82714  -24.12809    0.00456
  20.24597  -14.30706  -17.44040   20.24599  -14.30641  -17.43972    0.00094
  -4.87835   21.88247   15.58354   -4.87532   21.87301   15.59034    0.01204
   5.03860   -8.01385   24.84244    5.03638   -8.00595   24.84089    0.00835
  12.71260   24.97098   15.11416   12.71288   24.96806   15.11349    0.00301
  19.21846   22.78576  -26.57920   19.22276   22.79848  -26.58729    0.01567
  27.79482   22.67338   -8.44122   27.79380   22.67191   -8.44110    0.00180
  -1.89834  -18.37900  -36.08101   -1.90278  -18.37741  -36.07878    0.00522
 -21.99027    8.14670  -38.76971  -21.99011    8.14292  -38.76751    0.00438
  26.93740    4.07653   27.75225   26.94294    4.07596   27.75397    0.00583
  35.28045   13.54755    8.79130   35.28298   13.54975    8.79295    0.00374
 -11.25138   24.40234   26.50600  -11.24935   24.39754   26.50567    0.00522
  16.54204   -7.90751   13.82575   16.54225   -7.90856   13.82597    0.00109
  34.95274    3.54754   12.26375   34.95132    3.54750   12.26240    0.00196
 -22.75787   -4.29047   -6.28923  -22.75666   -4.29130   -6.29050    0.00194
  -2.03608    5.79936  -21.66267   -2.03407    5.80620  -21.66882    0.00942
  -4.10863   -1.38207  -34.51845   -4.10580   -1.38127  -34.51896    0.00298
  21.37263    5.10259   57.40323   21.36997    5.10311   57.40288    0.00273
  11.53275   24.86969   15.00788   11.53181   24.87960   15.01012    0.01020
   0.07581    7.52723  -18.05199    0.07622    7.52937  -18.05313    0.00246
 -37.78263  -10.24006  -10.54429  -37.78318  -10.24013  -10.54391    0.00068
 -26.28291    6.50474  -15.30487  -26.28287    6.50386  -15.30613    0.00155
 -43.34258   -9.97212  -21.21206  -43.34215   -9.97209  -21.21215    0.00044
  18.02937   16.67658   56.58862   18.02366   16.67157   56.58792    0.00762
  21.51415   13.55814  -30.48809   21.51682   13.55892  -30.49252    0.00523
   3.31756   20.19164    2.63987    3.31704   20.19192    2.63965    0.00063
  -7.40274   -0.13572   29.74113   -7.39373   -0.13458   29.73943    0.00923
  -6.55684    3.93516  -30.89869   -6.55942    3.93381  -30.89759    0.00312
 -22.09816   -0.10514  -46.44159  -22.09822   -0.10535  -46.44126    0.00040
 -12.09667   -5.03305  -47.02429  -12.09574   -5.03236  -47.02657    0.00256
 -18.07279  -28.60296  -39.23677  -18.07313  -28.60152  -39.23581    0.00177
  -9.35585   12.28254   12.05080   -9.35702   12.28328   12.05010    0.00155
  33.75935   16.65032  -11.88899   33.76010   16.65107  -11.88917    0.00107
 -14.90991   11.29316  -27.83516  -14.91232   11.28784  -27.83426    0.00591
   2.95951  -11.78502   10.05799    2.95965  -11.78398   10.05765    0.00110
  18.88817  -17.36666  -11.75555   18.88826  -17.36616  -11.75540    0.00053
  17.97112    9.69473   63.12886   17.97102    9.69476   63.12754    0.00133
  35.74899    5.21953  -19.07073   35.74772    5.21975  -19.07021    0.00139
  13.30611   -0.21811  -21.45110   13.30595   -0.21713  -21.45293    0.00208
  18.57588   25.83371    7.37349   18.57764   25.83897    7.37503    0.00576
  -6.37339  -24.05750  -36.83891   -6.37240  -24.05843  -36.83966    0.00155
  -4.29886   17.18466   10.27905   -4.29820   17.18418   10.27967    0.00103
   1.19969   -7.01258   62.22015    1.19962   -7.01293   62.22028    0.00037
  34.95334   -3.67541   -3.59047   34.95070   -3.67301   -3.59051    0.00357
   4.22006   14.36112   -5.63654    4.21967   14.36160   -5.63698    0.00075
  -5.76088    8.65109  -11.26829   -5.76107    8.65192  -11.26834    0.00086
   2.47711   14.57543   -3.14053    2.47265   14.58006   -3.14323    0.00697
 -24.45680  -30.92055  -34.95743  -24.45735  -30.92365  -34.95883    0.00344
  29.29838   -0.04504   18.89581   29.29566   -0.04406   18.89387    0.00348
  17.79718   24.68703  -24.63092   17.79473   24.70321  -24.63437    0.01673
 -21.84494    5.63769  -41.64200  -21.84522    5.63406  -41.63860    0.00498
  39.69536    4.50903   -8.05069   39.69606    4.50916   -8.05087    0.00074
  -7.13647  -22.31954  -12.61256   -7.13761  -22.31716  -12.61401    0.00300
   0.05643   21.24278   37.61026    0.05551   21.23180   37.60796    0.01126
  33.20187   14.57452   10.70371   33.20201   14.57462   10.70379    0.00019
  25.63345  -13.16306   -9.00091   25.63556  -13.16528   -9.00026    0.00312
  31.70955   18.02616  -16.43100   31.70484   18.02345  -16.43040    0.00547
  34.07766   -6.45563  -15.09152   34.07209   -6.45187  -15.09145    0.00672
 -33.71434    2.19151  -13.30377  -33.71457    2.18877  -13.30655    0.00391
 -13.89954  -23.74191  -43.31900  -13.89965  -23.74128  -43.31836    0.00091
  21.26265   11.61277   54.76502   21.25692   11.61078   54.76471    0.00608
  -5.32375  -11.62437    4.34883   -5.32376  -11.62413    4.34870    0.00027
  -6.61261   -6.83590   21.07897   -6.61802   -6.84159   21.07960    0.00788
  -8.01858    1.65960  -39.44674   -8.01858    1.65961  -39.44674    0.00001
  38.61599    3.50089  -12.00216   38.60944    3.50058  -11.99941    0.00711
 -12.21594    0.18400  -44.17303  -12.21571    0.18418  -44.17331    0.00041
  -6.30570    9.63576   55.94630   -6.30060    9.63321   55.94673    0.00572
  -8.80107    5.58738   28.57107   -8.80450    5.58594   28.57225    0.00390
  32.38801   12.89673   12.74936   32.38962   12.89744   12.75111    0.00248
   3.05478    5.37763   63.49917    3.05481    5.37764   63.49974    0.00057
   7.41618  -16.19145  -11.02263    7.41504  -16.18538  -11.02343    0.00622
  34.64130   -2.56565   10.82813   34.63646   -2.56167   10.82335    0.00788
  -4.21427   11.02893   -1.16122   -4.21503   11.02989   -1.16150    0.00126
  -6.17378   -0.49137   38.38008   -6.16783   -0.49020   38.37936    0.00611
   6.87022    0.83267   63.37496    6.87027    0.83271   63.37228    0.00268
  -2.24366   10.05002   -7.45660   -2.24465   10.05336   -7.45764    0.00364
   8.79250   -9.42889   14.67651    8.79290   -9.43090   14.67724    0.00218
  -5.61829   17.72953   11.91721   -5.61425   17.72593   11.92213    0.00731
 -20.29913  -12.46883  -49.38126  -20.29814  -12.46921  -49.38576    0.00462
  14.48928   12.83663   63.13243   14.48923   12.83666   63.13394    0.00151
 -10.53137    2.80627  -41.12228  -10.53214    2.80542  -41.12149    0.00139
  -2.43029   18.60520   44.50637   -2.42505   18.59474   44.50236    0.01237
  17.62377   22.67163   24.86666   17.62501   22.67572   24.86694    0.00427
  28.82064   21.18369    7.90093   28.81979   21.18248    7.90058    0.00151
  -7.11961  -14.80495   -2.72605   -7.11966  -14.80531   -2.72583    0.00043
