200, PA4-B-Debug-Output.txt
   6.68189   -4.80027   63.41599    6.68189   -4.80027   63.41594    0.00005
 -37.19274  -17.17340  -41.06712  -37.19187  -17.17294  -41.06642    0.00121
  28.11550   19.27105   12.82410   28.11558   19.27111   12.82416    0.00012
 -32.91523  -28.12426  -19.42582  -32.91463  -28.12351  -19.42605    0.00099
  23.57095   -3.59081  -26.38224   23.57135   -3.59059  -26.38150    0.00086
  18.21180   23.91792   15.83960   18.20993   23.91179   15.83836    0.00653
  -4.34337  -10.85184    7.33914   -4.34344  -10.85210    7.33923    0.00029
 -27.49127   11.09910  -23.71295  -27.49253   11.10253  -23.71270    0.00366
  -9.96325   16.46471   14.87427   -9.96361   16.46492   14.87387    0.00056
 -28.20148  -31.23143  -30.93190  -28.20109  -31.23049  -30.93172    0.00104
  38.71238    4.36473  -11.65259   38.71373    4.36480  -11.65316    0.00147
  34.63039   -2.52917  -20.18353   34.63408   -2.53065  -20.18509    0.00427
  37.33423   -1.86013    4.61309   37.34265   -1.86656    4.61253    0.01061
 -31.24616  -29.71107  -31.43942  -31.24635  -29.71139  -31.43948    0.00038
  22.01960   25.56737   -4.66035   22.01670   25.55988   -4.65947    0.00807
  -6.88620   -1.89990   31.29788   -6.88771   -1.90009   31.29815    0.00155
  -4.36411   -9.63865   13.63953   -4.36491   -9.64052   13.63988    0.00206
  -8.42329   21.78185   35.55501   -8.42392   21.78378   35.55641    0.00247
 -21.74221   -5.93128   -4.66796  -21.74295   -5.93080   -4.66696    0.00133
 -20.98056  -29.50134  -14.68231  -20.98033  -29.49861  -14.68395    0.00319
 -30.47441    8.57925  -32.77489  -30.47500    8.58115  -32.77571    0.00215
  -1.14046   18.44735   46.66388   -1.14230   18.45099   46.66458    0.00413
   8.89644   -6.80649  -21.85111    8.89520   -6.80644  -21.84939    0.00212
 -26.11670  -22.38302   -7.89869  -26.11650  -22.38208   -7.89957    0.00130
  -7.32702  -25.33965  -16.98035   -7.32943  -25.33642  -16.98243    0.00453
 -21.09779  -14.52763  -47.97190  -21.09718  -14.52716  -47.97321    0.00152
  -7.03752    6.76189   58.16239   -7.04113    6.76212   58.16249    0.00362
  -5.99350    2.27780  -34.92861   -5.98942    2.27999  -34.92961    0.00474
  35.55693   -1.39362  -18.96059   35.55855   -1.39397  -18.96110    0.00173
   2.00578   19.60303   45.31351    2.00490   19.60737   45.31408    0.00447
  21.88378    7.85319   55.51946   21.88380    7.85319   55.51946    0.00002
  -8.90788   11.87637   37.55993   -8.90135   11.87930   37.55551    0.00841
   2.17891   20.41728   41.89057    2.17884   20.41842   41.89077    0.00116
  10.60815   -6.37669   34.45857   10.60811   -6.37617   34.45853    0.00052
  35.59265    0.39302   11.34711   35.59445    0.39276   11.34880    0.00249
  24.72165   20.22682  -24.78376   24.72161   20.22678  -24.78373    0.00006
  16.08777   23.17047   22.27284   16.08755   23.16885   22.27270    0.00165
  -6.55768    9.11545   59.84970   -6.55982    9.11610   59.84964    0.00224
  -5.80522  -24.59366  -35.03337   -5.80774  -24.59094  -35.03229    0.00386
 -35.23311  -16.54814   -9.47902  -35.23123  -16.54666   -9.48078    0.00297
  -4.13649   16.16424   46.96333   -4.13882   16.16582   46.96402    0.00290
 -34.39638  -21.21076  -41.06304  -34.39539  -21.21003  -41.06204    0.00159
 -21.95000    4.49397  -42.79649  -21.94964    4.49579  -42.79856    0.00278
 -32.17291    3.87789  -14.20867  -32.17185    3.87654  -14.21074    0.00269
  -3.81909   12.01194   62.18998   -3.81793   12.01149   62.18757    0.00272
  -8.34796  -19.42520   -8.55147   -8.34714  -19.42851   -8.54942    0.00397
  17.40677    2.84719  -22.45094   17.41112    2.84683  -22.44531    0.00712
  -7.64475  -27.92130  -29.24651   -7.64426  -27.92205  -29.24666    0.00090
   2.26102   -7.02402   62.76928    2.26170   -7.01931   62.76756    0.00507
   8.82702   21.88429   34.68377    8.82734   21.88018   34.68305    0.00418
 -12.03773  -26.30267  -39.83262  -12.03763  -26.30285  -39.83276    0.00025
  -8.78940   -7.58016  -45.69973   -8.79075   -7.58055  -45.69817    0.00210
  -9.37095   -1.66173   19.31767   -9.36986   -1.66153   19.31746    0.00113
  -4.74031   23.94828   31.18508   -4.73858   23.95461   31.18568    0.00659
 -21.80971   -5.00431  -48.03163  -21.80956   -5.00451  -48.03115    0.00055
  -2.18303   15.28469    4.83990   -2.18082   15.28261    4.84108    0.00325
  -1.45537  -10.91208   11.43571   -1.45547  -10.91281   11.43578    0.00074
 -10.79844  -23.41229  -11.66077  -10.79818  -23.41265  -11.66013    0.00078
   6.76276  -11.03970  -22.52362    6.76364  -11.04087  -22.52591    0.00271
  37.06000    6.36445  -13.65512   37.06024    6.36451  -13.65521    0.00026
  29.84371   21.11354    1.91424   29.84201   21.11112    1.91415    0.00296
 -39.97802  -20.23605  -18.55857  -39.97978  -20.23693  -18.55772    0.00215
  27.60969    8.15623   25.40893   27.61383    8.15671   25.41014    0.00435
   6.10534   19.59628   -4.05001    6.11636   19.59319   -4.04550    0.01230
  -4.95509    5.84560  -24.12116   -4.95594    5.84451  -24.12051    0.00153
  -2.48225   -4.77362  -31.52674   -2.48331   -4.77409  -31.52629    0.00124
 -17.44334   -3.40082  -47.45133  -17.44342   -3.40061  -47.45322    0.00190
  -7.12547    1.01279   32.96140   -7.12786    1.01262   32.96167    0.00241
  23.35899   11.71575   40.73705   23.35856   11.71562   40.73700    0.00046
  17.38496   27.07885   -0.54361   17.38436   27.07536   -0.54378    0.00354
  17.14968  -14.84980  -16.26371   17.14792  -14.85572  -16.26836    0.00774
  16.35297   26.91588    3.67022   16.35247   26.90915    3.66952    0.00679
  -2.36854  -22.29361  -18.66139   -2.37092  -22.29105  -18.66224    0.00359
 -23.51522  -21.71619  -45.51061  -23.51559  -21.71697  -45.51162    0.00132
  21.61295    7.29003  -29.47363   21.61569    7.28998  -29.46778    0.00647
  27.05060    5.65850   27.90833   27.05525    5.65802   27.90978    0.00489
 -34.08340    6.74277  -20.76706  -34.08600    6.74595  -20.76602    0.00424
  -5.47840  -18.87595  -40.62949   -5.48235  -18.87449  -40.62665    0.00508
 -36.95964  -13.91057  -43.00599  -36.96156  -13.91120  -43.00757    0.00256
  -7.56434  -19.50161   -8.98210   -7.56436  -19.50151   -8.98216    0.00012
 -42.73322   -9.89310  -18.86429  -42.73107   -9.89297  -18.86486    0.00223
 -12.40088  -20.59807   -9.11309  -12.40201  -20.59736   -9.11446    0.00192
  -8.19512   16.76717   13.70365   -8.19558   16.76739   13.70291    0.00089
 -43.33316   -7.45971  -29.25973  -43.33108   -7.45972  -29.25909    0.00218
  40.02802    3.59418   -7.46580   40.02543    3.59369   -7.46512    0.00272
 -39.29999    0.75448  -18.55504  -39.29958    0.75407  -18.55538    0.00067
 -30.04390    3.64850  -40.96615  -30.04585    3.65203  -40.96991    0.00552
 -13.78347  -28.33261  -37.99625  -13.78390  -28.33107  -37.99538    0.00182
   3.56063   -4.27051  -24.64077    3.55931   -4.27096  -24.63871    0.00248
  18.02685   -4.67524   37.19774   18.02583   -4.67310   37.19764    0.00237
   9.74765   18.75365   61.66282    9.74688   18.75519   61.66397    0.00207
 -10.20394    8.45641  -28.47690  -10.20406    8.45617  -28.47688    0.00027
  38.38687    1.51376  -12.44308   38.38787    1.51373  -12.44344    0.00107
  16.31675   -7.04672   18.56945   16.31722   -7.05093   18.57014    0.00429
  34.65496   14.92020    7.76662   34.65133   14.91687    7.76490    0.00521
  31.07995   13.47748   14.07666   31.07978   13.47741   14.07654    0.00022
  32.85542   -5.89997  -21.11399   32.86186   -5.90435  -21.11579    0.00799
  32.98032   14.87099  -18.50386   32.98535   14.87364  -18.50529    0.00586
  27.68130   22.18599    6.98814   27.68020   22.18411    6.98773    0.00221
  -5.83329   -4.51590   31.26345   -5.83394   -4.51629   31.26360    0.00077
  36.67323   -1.65391    8.84005   36.67763   -1.65572    8.84240    0.00530
  -5.66376  -18.22275   -8.58497   -5.66272  -18.22465   -8.58405    0.00236
  -3.46451   17.59101    9.71358   -3.46417   17.59076    9.71390    0.00053
  -6.23434   -2.51050   34.64368   -6.23635   -2.51090   34.64393    0.00206
 -20.94935    0.53435   -8.48732  -20.95037    0.53502   -8.48658    0.00142
  21.67000   25.18388    5.62923   21.66895   25.18129    5.62850    0.00289
  30.22252    1.57702  -28.27726   30.22622    1.57442  -28.28231    0.00678
  -7.21300  -20.59974  -41.47568   -7.21172  -20.60082  -41.47682    0.00203
  15.86981   22.69693   27.41285   15.86947   22.69449   27.41242    0.00250
  31.47254    7.45825   16.70591   31.47431    7.45841   16.70694    0.00206
  28.72319   21.79967  -14.18210   28.72131   21.79682  -14.18219    0.00342
  32.59845   18.04884   -4.89957   32.59506   18.04607   -4.89988    0.00439
  13.19027   -6.57546   25.70782   13.19019   -6.57443   25.70768    0.00104
  -5.58449    5.37955  -26.01103   -5.58486    5.37911  -26.01082    0.00061
  -4.94387   18.49167   12.03426   -4.94328   18.49101   12.03501    0.00116
  21.53139   24.12839  -23.23101   21.53189   24.12909  -23.23146    0.00097
   1.99229  -10.87887   13.33547    1.99244  -10.88129   13.33574    0.00244
  20.49419   14.88352   48.77070   20.49614   14.88488   48.77090    0.00239
  28.51700  -10.10073   -1.22697   28.52498  -10.11249   -1.22522    0.01432
  16.42072   -6.45213   23.02791   16.42135   -6.45672   23.02839    0.00466
  -5.03489   -6.38370   26.20946   -5.03126   -6.38069   26.20748    0.00511
  -7.16110    2.36076   33.53838   -7.16039    2.36081   33.53830    0.00072
 -13.15302  -14.59184  -47.35055  -13.15440  -14.59144  -47.34822    0.00274
  35.09300   15.10068   -3.81378   35.09126   15.09898   -3.81386    0.00244
 -31.45129    8.14387  -32.62321  -31.45352    8.14741  -32.62485    0.00449
   3.90660   12.21950   -7.87736    3.90983   12.21115   -7.87334    0.00982
  21.31355   24.80946  -20.53746   21.31142   24.80500  -20.53754    0.00494
 -25.35130    7.75741  -38.53576  -25.35152    7.75823  -38.53625    0.00098
   3.78296   18.34996   -0.42948    3.79027   18.34503   -0.42651    0.00931
 -32.88886  -17.12578   -8.65897  -32.88828  -17.12459   -8.66103    0.00245
   5.98538   20.37498   44.94346    5.98499   20.37739   44.94365    0.00244
   0.52148  -15.44365   -4.79203    0.52166  -15.44584   -4.79100    0.00243
 -21.17764    6.79835  -40.31636  -21.17741    6.79985  -40.31763    0.00198
  33.63095   -5.25170   -5.14361   33.63572   -5.25519   -5.14440    0.00597
  19.86108  -11.10352    2.37348   19.86445  -11.10948    2.37680    0.00761
   2.64697  -10.22774   16.43832    2.64643  -10.22369   16.43732    0.00422
 -41.11374  -18.73195  -20.36585  -41.11307  -18.73172  -20.36601    0.00072
 -43.13134  -14.76917  -23.20802  -43.12868  -14.76845  -23.20835    0.00278
  24.17161    6.99363   39.98218   24.17481    6.99375   39.98277    0.00326
  36.43045   11.13152  -11.99111   36.43473   11.13217  -11.99165    0.00437
 -24.01823  -32.50151  -22.98279  -24.01783  -32.49634  -22.98386    0.00530
 -30.39405  -26.69956  -38.97435  -30.39288  -26.69753  -38.97312    0.00264
 -18.18136    0.32351  -46.12631  -18.18147    0.32401  -46.12710    0.00093
  34.69846   10.70135   10.66709   34.70015   10.70165   10.66847    0.00221
  19.12625   17.91999   43.48154   19.12749   17.92103   43.48185    0.00165
  28.90739   -3.90047  -26.05146   28.90791   -3.90070  -26.04560    0.00589
 -19.51893    7.05056  -15.45624  -19.51837    7.04938  -15.45729    0.00168
   1.48654   -9.49862   20.75869    1.48639   -9.49803   20.75858    0.00061
   0.05526   24.00208   23.60499    0.05511   24.00049   23.60491    0.00160
 -32.57271   -4.33714  -44.81000  -32.57259   -4.33724  -44.80979    0.00027
  10.31300   19.42703  -11.57723   10.31594   19.42835  -11.57538    0.00371
  12.05275  -13.08693  -17.71251   12.05442  -13.09102  -17.71581    0.00551
 -35.50761   -3.49631  -11.25642  -35.50855   -3.49556  -11.25461    0.00217
  33.85166   -5.45270    1.34633   33.85556   -5.45558    1.34571    0.00489
 -21.34110   -3.69471  -47.63785  -21.34103   -3.69480  -47.63764    0.00024
  27.16868   22.82279  -14.29843   27.16546   22.81780  -14.29852    0.00595
  -5.02488   13.16314   51.45292   -5.02832   13.16525   51.45359    0.00409
 -38.87361   -1.52498  -37.61885  -38.87168   -1.52560  -37.61777    0.00230
  22.92651   -0.23008  -27.09687   22.92563   -0.23065  -27.09786    0.00144
  -6.64222    2.33111   39.81422   -6.64011    2.33144   39.81412    0.00214
 -27.02126  -24.66011  -42.88417  -27.02156  -24.66086  -42.88520    0.00131
  -2.89361  -11.13914  -39.68098   -2.89299  -11.13922  -39.68146    0.00079
 -39.66433  -19.56578  -33.81909  -39.66546  -19.56593  -33.81951    0.00122
  35.84260    6.05937  -19.01524   35.84270    6.05939  -19.01528    0.00012
  29.88810   17.68738   11.94748   29.88740   17.68684   11.94710    0.00096
  19.95546    0.22630   56.63561   19.95297    0.22758   56.63521    0.00283
  -6.99461    5.07492   55.66379   -6.99890    5.07432   55.66371    0.00433
  11.04454   12.45170   63.13852   11.04450   12.45168   63.13688    0.00164
 -13.75251  -23.99702  -10.29996  -13.75248  -23.99978  -10.29739    0.00377
   9.12012   -7.83636  -22.09507    9.11887   -7.83885  -22.09179    0.00430
  -4.01347   16.86242    9.72390   -4.01306   16.86212    9.72428    0.00064
  34.41001   -5.91761  -15.63723   34.42074   -5.92485  -15.63737    0.01294
  31.23139   17.12350  -19.92267   31.23046   17.12289  -19.92237    0.00115
 -32.92360    7.60464  -20.67520  -32.92570    7.60756  -20.67426    0.00372
 -33.38027    4.55703  -37.62574  -33.38176    4.55845  -37.62725    0.00255
   3.71828   -7.40307   61.24554    3.71895   -7.39588   61.24562    0.00723
  -3.95210  -18.38107  -39.01241   -3.95392  -18.37994  -39.01047    0.00289
   2.05966    5.87174  -19.04177    2.05880    5.87009  -19.04025    0.00240
   7.95222    3.92815  -18.30656    7.95134    3.92582  -18.30397    0.00360
 -14.22999   21.43066   29.65566  -14.22859   21.42970   29.65520    0.00176
  31.53230   -7.39081  -21.53404   31.53471   -7.39345  -21.53599    0.00408
  -9.22110    8.81625    5.59313   -9.22152    8.81660    5.59297    0.00057
  22.82328    4.12320   45.72212   22.82529    4.12279   45.72249    0.00209
 -26.72217    3.41001  -42.83950  -26.72196    3.40945  -42.83891    0.00084
  21.76004  -10.91286  -21.62708   21.76012  -10.91251  -21.62614    0.00100
 -22.38043    5.95357  -41.36620  -22.38025    5.95560  -41.36838    0.00298
   4.17981    8.30325   63.40825    4.17981    8.30325   63.40824    0.00001
  -7.31744   18.91063   13.74637   -7.31768   18.91086   13.74595    0.00053
 -43.57059   -6.27905  -26.31940  -43.56557   -6.27872  -26.31929    0.00504
  39.07062    9.86967   -1.68008   39.06612    9.86682   -1.68002    0.00532
  -9.30000  -10.84329    2.87956   -9.30010  -10.84346    2.87977    0.00029
  -5.52961   -4.36678   32.52027   -5.52837   -4.36566   32.51966    0.00179
  -5.37238   -4.17421   33.19720   -5.37168   -4.17358   33.19686    0.00100
  15.48908   -3.25223  -22.24454   15.48932   -3.25240  -22.24263    0.00193
 -39.90940  -14.08676  -35.97826  -39.90946  -14.08677  -35.97827    0.00006
   7.23531   15.47981   -8.25744    7.23684   15.47828   -8.25348    0.00451
  -5.54953   -6.37947  -42.29984   -5.55133   -6.37988  -42.29837    0.00236
  21.47421   14.08439   45.81047   21.47799   14.08668   45.81098    0.00445
  29.60439   -8.13491    4.20615   29.60615   -8.14608    4.20751    0.01139
  -6.58161  -25.77580  -33.91314   -6.58392  -25.77368  -33.91219    0.00328
