200, PA4-H-Unknown-Output.txt
 -43.06506   -6.11796  -30.09367  -43.06355   -6.11797  -30.09320    0.00158
   5.44425   23.97245   20.27309    5.44446   23.97830   20.27387    0.00590
 -37.60270  -14.73096  -11.31146  -37.60239  -14.73089  -11.31167    0.00038
  35.47239   10.43718  -17.03689   35.47482   10.43819  -17.03771    0.00276
   2.90493   -9.31788   19.74162    2.90629   -9.32333   19.74259    0.00570
  -7.11417  -22.78930  -39.19034   -7.11464  -22.78893  -39.18996    0.00071
  -5.19943    9.65113   -3.68512   -5.19893    9.65022   -3.68479    0.00109
  15.57780   24.01134   18.00790   15.57630   24.00039   18.00525    0.01137
  11.27517   14.05242  -11.26359   11.27579   14.05222  -11.26225    0.00150
  -3.42968  -12.58800  -40.08194   -3.42883  -12.58813  -40.08262    0.00110
  -3.11744  -21.64963  -34.86229   -3.12053  -21.64781  -34.85971    0.00442
  21.42721   20.55783   25.08864   21.42310   20.55309   25.08785    0.00632
  -7.29192    3.85636   33.36877   -7.29350    3.85612   33.36907    0.00162
  -2.38395   17.16054    8.11201   -2.38389   17.16049    8.11206    0.00009
 -16.04532    2.06085  -44.71055  -16.04575    2.05995  -44.70959    0.00139
 -27.81388  -30.45054  -34.12200  -27.81228  -30.44654  -34.12033    0.00462
  17.50268  -17.25285  -11.29743   17.50288  -17.25174  -11.29710    0.00117
   8.55089  -13.02114    4.51574    8.55244  -13.01386    4.51272    0.00803
   1.83574   10.17861  -10.83803    1.83628   10.17713  -10.83748    0.00167
  -4.59067  -23.40991  -16.98180   -4.59167  -23.40842  -16.98255    0.00195
 -12.52668   10.11410  -21.06532  -12.52586   10.11640  -21.06496    0.00247
 -25.05488  -31.44403  -18.96044  -25.05489  -31.44409  -18.96043    0.00006
  15.05672   19.67758  -30.59785   15.05632   19.67872  -30.59920    0.00182
  -1.26385  -16.22048   -5.55786   -1.26421  -16.21842   -5.55890    0.00233
  14.02094   22.76115  -24.21406   14.02072   22.76133  -24.21415    0.00029
  36.81748   -2.17737   -6.57286   36.81726   -2.17715   -6.57290    0.00031
 -39.09406   -3.99576  -38.61148  -39.09192   -3.99644  -38.61025    0.00256
 -20.39034  -13.29584  -47.19596  -20.38981  -13.29544  -47.19708    0.00129
  28.15711  -11.41862  -19.10638   28.15299  -11.41303  -19.10460    0.00718
  37.71709    4.39456  -13.34879   37.72023    4.39511  -13.35069    0.00370
  -0.31494   17.81801   51.94837   -0.31162   17.81292   51.94754    0.00613
  -6.50322    9.31926   59.82761   -6.49789    9.31764   59.82776    0.00558
 -42.88254  -16.50770  -25.54897  -42.88136  -16.50713  -25.54902    0.00130
  27.78711   22.69172   -6.36872   27.78457   22.68855   -6.36890    0.00407
 -30.47889  -15.19994  -46.67816  -30.47754  -15.19991  -46.67661    0.00205
   0.50172  -10.77106   13.92136    0.50154  -10.77433   13.92174    0.00330
 -29.79247   -5.72821   -8.62572  -29.79248   -5.72812   -8.62554    0.00020
   5.19431   -7.46238   60.82656    5.19550   -7.47980   60.82607    0.01746
  -0.03056   17.24925   58.00200   -0.02953   17.24753   58.00175    0.00202
  38.77513    3.62253  -11.60096   38.77147    3.62236  -11.59943    0.00397
  -0.06270   19.05114    6.81742   -0.06824   19.05567    6.81405    0.00791
   6.66770   -6.86643   36.33726    6.66803   -6.86940   36.33728    0.00299
  -6.60004   13.62897   44.07821   -6.60676   13.62888   44.08055    0.00712
 -17.26565  -31.95971  -22.72328  -17.26612  -31.95541  -22.72401    0.00439
 -33.62189  -18.87359   -9.52391  -33.62073  -18.87292   -9.52516    0.00183
  -1.12994   -0.65940  -26.48255   -1.12872   -0.65838  -26.48428    0.00235
 -38.94421    0.56709  -34.81229  -38.93970    0.56399  -34.81029    0.00583
 -26.48066   10.08294  -33.24906  -26.47913   10.07655  -33.24759    0.00673
 -22.12579  -11.29800  -48.94060  -22.12377  -11.29982  -48.93611    0.00525
  15.51017   21.87768   35.72259   15.51013   21.87515   35.72180    0.00265
  -8.23440    7.87139   -6.58777   -8.23547    7.87418   -6.58797    0.00299
  12.46740  -13.02482    4.29074   12.46835  -13.02873    4.29362    0.00495
  21.06207    4.82987   59.58161   21.07587    4.82713   59.58304    0.01414
  10.80630   -6.45311   50.12301   10.80603   -6.45202   50.12308    0.00113
  21.60600   -6.91259  -24.32516   21.60711   -6.91191  -24.32281    0.00269
 -42.59181  -11.26793  -18.77722  -42.58793  -11.26761  -18.77848    0.00409
  23.90074    5.99744   41.77201   23.90126    5.99737   41.77209    0.00054
  -4.99465  -22.56056  -14.86416   -4.99238  -22.56374  -14.86223    0.00435
   7.18628  -14.01437    0.89434    7.18616  -14.01483    0.89446    0.00049
  12.12706   16.99070  -22.70506   12.12156   16.98829  -22.70422    0.00607
 -37.60140   -3.71557  -12.66062  -37.60311   -3.71442  -12.65895    0.00265
  18.51273   25.34132  -22.07572   18.51228   25.34482  -22.07637    0.00359
  15.75444   -2.92795  -22.24856   15.75453   -2.92801  -22.24785    0.00072
  33.39236   -5.25949  -20.78825   33.39216   -5.25935  -20.78820    0.00025
 -31.50966  -29.86797  -23.37392  -31.50930  -29.86741  -23.37402    0.00067
 -22.32694    5.33803  -42.00035  -22.32717    5.33498  -41.99750    0.00418
  -4.23324   13.76757   57.18868   -4.23918   13.77209   57.18939    0.00749
  -8.89759    7.54432   30.84096   -8.90050    7.54217   30.84170    0.00368
 -29.38340  -30.40169  -20.60746  -29.38337  -30.40160  -20.60747    0.00009
  -4.98729   20.99156   14.33021   -4.98654   20.98944   14.33163    0.00266
 -32.30841    3.82822  -39.29545  -32.30658    3.82649  -39.29343    0.00323
  -5.57100    5.60868  -25.50306   -5.56978    5.61014  -25.50376    0.00203
  13.61310   27.50117    2.09224   13.61366   27.50579    2.09152    0.00471
  22.17349    3.81670   50.56442   22.17376    3.81666   50.56448    0.00028
 -43.00388   -6.53601  -30.30226  -43.00203   -6.53602  -30.30169    0.00193
  30.77022   17.80226   10.77400   30.77347   17.80613   10.77757    0.00619
  26.97103    7.66697   27.85900   26.98008    7.66768   27.86184    0.00951
  15.99726    9.23760  -20.71371   15.99586    9.23733  -20.71402    0.00146
   8.82549   -7.24136   60.91179    8.82614   -7.24420   60.91164    0.00292
 -15.23590   21.03807   24.01735  -15.23518   21.03766   24.01751    0.00085
 -12.20623    8.79840  -33.59441  -12.20669    8.79733  -33.59410    0.00120
  19.76243   -6.32191   18.71698   19.76222   -6.32074   18.71686    0.00119
  -4.45284   -1.18782  -36.38758   -4.45178   -1.18722  -36.38782    0.00124
 -13.23937  -26.78184  -40.00070  -13.23909  -26.78268  -40.00137    0.00111
 -39.15861  -11.74773  -40.36213  -39.15568  -11.74727  -40.36048    0.00340
   4.14102   -8.33247   23.94120    4.14137   -8.33451   23.94148    0.00209
 -36.53362    2.55741  -36.67231  -36.53124    2.55506  -36.67127    0.00351
  26.86166   23.11205  -10.73418   26.86515   23.11708  -10.73462    0.00614
 -11.50700  -15.37342  -46.48708  -11.50694  -15.37346  -46.48718    0.00013
  10.62925   -6.38972   34.41877   10.62825   -6.37771   34.41782    0.01209
  17.51698   -5.44157   31.60116   17.51737   -5.44262   31.60132    0.00113
  23.84256  -10.58965    0.18753   23.84231  -10.58882    0.18715    0.00094
  19.03235   -6.51768  -23.51882   19.03152   -6.51756  -23.52047    0.00186
  13.77528   -9.95292  -20.71521   13.77510   -9.94924  -20.71175    0.00506
 -15.57736   13.81014   21.05673  -15.58463   13.80455   21.05285    0.00996
   3.91905   -9.32281   18.91024    3.91848   -9.31958   18.90924    0.00343
  24.76904   24.07824  -12.13510   24.77060   24.08140  -12.13512    0.00352
  -3.09047  -22.17983  -16.87527   -3.08693  -22.18377  -16.87282    0.00584
 -17.22555    1.43912   -3.51517  -17.22871    1.44169   -3.51435    0.00415
 -30.86503    5.78028  -38.54296  -30.86571    5.78162  -38.54355    0.00162
 -21.57518    2.99002  -11.99042  -21.57644    2.99216  -11.98874    0.00300
   5.80244  -12.89784    3.83866    5.80288  -12.89244    3.83734    0.00558
  39.43448    7.51314    4.51990   39.43041    7.51224    4.51950    0.00419
  14.84098   -5.61058   38.72013   14.84082   -5.60967   38.72010    0.00093
 -21.66856   -9.73135  -49.24263  -21.66851   -9.73143  -49.24280    0.00019
  10.76980  -16.39225   -9.98190   10.77144  -16.38545   -9.98132    0.00702
 -17.86279  -31.92201  -32.13981  -17.86179  -31.92700  -32.14087    0.00520
  25.10941  -10.88317   -0.86883   25.10880  -10.87791   -0.87145    0.00591
  16.78464    8.44220  -24.05930   16.78575    8.44228  -24.05913    0.00113
 -15.87989   19.86967   27.36183  -15.87976   19.86961   27.36182    0.00014
  -9.74388   16.33034   14.60543   -9.74258   16.32959   14.60688    0.00209
  -6.97748    5.13416   53.76742   -6.97448    5.13458   53.76748    0.00303
 -32.35319    7.98225  -20.54182  -32.35049    7.97849  -20.54304    0.00478
 -22.59072  -31.17605  -35.06730  -22.59088  -31.17719  -35.06782    0.00127
   5.88288    1.04360   63.35794    5.88285    1.04358   63.35921    0.00127
  20.64493    2.82687   59.96746   20.63588    2.82869   59.96650    0.00928
  21.62772   12.65248   49.61004   21.62921   12.65304   49.61027    0.00160
 -11.22486    7.28261   10.45780  -11.22176    7.28095   10.45866    0.00362
  12.54536   16.88445  -28.48817   12.54245   16.88326  -28.48881    0.00321
 -11.97941  -28.22296  -16.89571  -11.97949  -28.22079  -16.89703    0.00254
   0.35177   18.57961   49.96792    0.35671   18.57203   49.96667    0.00913
  22.99211    7.47691   47.28674   22.99521    7.47687   47.28710    0.00313
  33.68378   11.72140  -21.15178   33.68438   11.72159  -21.15205    0.00069
 -23.31984  -10.70913  -49.30721  -23.32004  -10.70884  -49.30660    0.00070
  14.54600  -17.47965   -8.43292   14.54487  -17.48574   -8.43363    0.00623
 -42.83579  -10.92176  -19.48191  -42.83361  -10.92164  -19.48249    0.00225
  -1.62736   16.22210   56.01572   -1.61958   16.21233   56.01554    0.01249
  31.76870   18.40576    8.16847   31.77293   18.40884    8.16977    0.00539
 -11.69019    2.82585   15.66315  -11.69641    2.82530   15.66427    0.00634
  33.08211   -5.98005   -2.03448   33.08256   -5.98038   -2.03447    0.00056
 -23.78632    6.91894  -40.52851  -23.78534    6.91617  -40.52560    0.00413
   0.99477  -10.74793   14.39788    0.99478  -10.74776   14.39786    0.00017
 -34.64045   -0.71058  -42.04166  -34.63787   -0.71356  -42.03834    0.00515
  34.35660   11.78916   10.84784   34.35805   11.78942   10.84903    0.00189
   8.45198   -9.04603  -22.86822    8.45095   -9.04421  -22.86548    0.00344
  12.19103   20.76554  -19.01773   12.18392   20.76828  -19.01777    0.00762
  38.90787    1.99119    6.97520   38.90962    1.99067    6.97587    0.00194
  30.34545   20.69853   -1.53962   30.34559   20.69871   -1.53963    0.00023
 -12.57782  -28.98950  -35.96508  -12.58048  -28.98330  -35.96192    0.00745
  -6.42429   10.96667   47.19567   -6.42691   10.96703   47.19582    0.00264
   4.35831  -10.24236  -24.69656    4.35795  -10.24223  -24.69607    0.00062
  -0.53497  -18.42675  -10.29620   -0.53494  -18.42689  -10.29613    0.00016
 -14.80186   10.95801  -21.95882  -14.80173   10.95661  -21.95945    0.00154
 -39.54950  -22.57482  -28.87586  -39.55098  -22.57579  -28.87610    0.00178
  -2.48656  -15.02359  -38.65494   -2.48537  -15.02369  -38.65564    0.00139
  12.00325  -15.45392  -13.23792   12.00324  -15.45444  -13.23814    0.00057
 -13.48723    9.28988  -33.90253  -13.48575    9.29258  -33.90327    0.00317
  35.61091    6.92737   10.91909   35.61254    6.92794   10.92065    0.00233
  39.33492    6.55402    6.43755   39.33760    6.55467    6.43948    0.00337
  29.33170   -1.58158  -27.14423   29.32987   -1.57956  -27.14190    0.00358
  31.21402   19.33812    6.97745   31.21338   19.33742    6.97737    0.00095
 -30.99422  -13.48560  -46.62312  -30.99429  -13.48577  -46.62351    0.00043
  -8.07173    5.60516   31.43149   -8.07190    5.60511   31.43152    0.00017
  -4.32429  -23.07860  -16.68640   -4.32306  -23.08044  -16.68549    0.00239
 -37.32998    0.43337  -15.32236  -37.33552    0.43635  -15.31946    0.00692
 -12.05880  -13.86202  -47.10429  -12.05797  -13.86233  -47.10721    0.00305
 -25.21333   10.54988  -32.75042  -25.20967   10.53846  -32.74711    0.01243
  -7.01804   12.62989   42.83346   -7.02593   12.62978   42.83621    0.00835
 -24.85955    5.79974  -41.23223  -24.85851    5.79679  -41.22914    0.00439
 -42.71631   -6.52072  -18.65278  -42.71584   -6.52073  -18.65290    0.00048
  18.56074   -7.55970   13.75532   18.56075   -7.55976   13.75533    0.00005
  14.31429   23.45543   22.50135   14.31444   23.45612   22.50145    0.00071
  35.15847   13.76716  -14.05191   35.16384   13.76960  -14.05396    0.00625
  -2.63416   -5.03448   56.59643   -2.63135   -5.03173   56.59640    0.00393
   1.56207   11.43245   -7.58215    1.56179   11.43314   -7.58248    0.00081
  15.89986  -10.92727    6.52010   15.89974  -10.92639    6.51964    0.00101
  20.93697   15.21838  -30.57161   20.93520   15.21792  -30.56881    0.00335
  -6.75833   -0.29287  -39.75810   -6.75847   -0.29297  -39.75799    0.00021
  -5.07603    0.46235  -34.06008   -5.06907    0.46558  -34.05964    0.00769
  37.31249   11.61299   -7.41700   37.30360   11.60987   -7.41631    0.00944
   0.77733   -6.79730   55.75904    0.77567   -6.80240   55.75910    0.00536
 -32.70513  -28.76936  -31.50480  -32.70340  -28.76685  -31.50453    0.00306
  15.29643   21.35146  -29.56289   15.29643   21.35145  -29.56287    0.00002
  -6.69532   10.77685    4.13355   -6.69683   10.77876    4.13269    0.00258
  -3.17467   17.41472    9.27706   -3.17797   17.41717    9.27395    0.00515
 -15.63205   20.54136   24.50999  -15.63026   20.54034   24.51039    0.00209
 -13.62759   -1.84182    7.40385  -13.63046   -1.84233    7.40493    0.00311
  -4.53877   10.34964   62.15144   -4.53847   10.34952   62.15081    0.00071
  30.57410   18.56117  -19.31778   30.57121   18.55957  -19.31668    0.00348
 -11.86663   10.05054   16.31281  -11.87305   10.04923   16.31187    0.00662
 -10.91271    7.82565   10.37793  -10.90830    7.82328   10.37915    0.00515
   6.76498   -7.28037   55.85027    6.76473   -7.27765   55.85035    0.00272
  35.04430    3.43421   12.16820   35.04424    3.43421   12.16814    0.00008
  -0.76744   -6.05741   57.70857   -0.76782   -6.05832   57.70864    0.00099
  35.49800   11.32792  -15.06326   35.49696   11.32775  -15.06287    0.00112
  -0.72248  -15.57966   -4.64222   -0.72192  -15.58260   -4.64047    0.00347
   1.58917   19.03827   48.89890    1.59216   19.02472   48.89708    0.01400
  10.69211  -13.76724    3.04107   10.69213  -13.76768    3.04124    0.00047
   8.80176   -9.64259   14.07710    8.80224   -9.64505   14.07799    0.00266
  -4.16960   13.90776   56.93083   -4.16791   13.90647   56.93063    0.00214
   1.08792   -6.82555   54.15418    1.08854   -6.82382   54.15430    0.00184
 -25.19065   -1.35881  -46.94203  -25.19091   -1.35848  -46.94280    0.00087
 -33.58186    7.95122  -23.20111  -33.58297    7.95257  -23.20066    0.00180
  -1.96160  -11.34039    7.96872   -1.96193  -11.34343    7.96917    0.00309
   4.47042  -13.62287    0.02989    4.47051  -13.62240    0.02977    0.00049
  25.93434    7.83097  -30.34142   25.93406    7.83140  -30.33785    0.00360
 -27.92755  -31.33292  -30.99954  -27.92768  -31.33322  -30.99960    0.00033
 -22.50443  -25.42420  -42.67287  -22.50413  -25.42333  -42.67196    0.00129
  18.16087   17.34693   52.18070   18.16233   17.34846   52.18094    0.00213
 -36.62217    0.83740  -14.67178  -36.62761    0.84070  -14.66727    0.00780
