200, PA4-E-Debug-Output.txt
  -1.52454   23.96212   21.64005   -1.51920   24.11006   21.63451    0.14814
 -16.94467    6.20677  -13.18443  -16.93070    6.16768  -13.22228    0.05618
   6.56171   16.61250   -5.98440    6.53039   16.63523   -6.00508    0.04388
  11.13471   -6.57133   56.95683   11.13511   -6.57267   56.95695    0.00141
   5.12548    7.49622   63.34353    5.12458    7.49663   63.33376    0.00982
  32.24550   13.86351   12.44110   32.22985   13.85267   12.42398    0.02561
   5.14180   15.56034   63.12233    5.14220   15.55999   63.13567    0.01335
   4.24957   -7.12595   39.30029    4.25472   -7.02639   39.29880    0.09970
  31.03190   16.72010   11.54283   31.02318   16.71244   11.53233    0.01565
  11.67487   21.95926   36.18962   11.67643   21.94880   36.18897    0.01060
 -14.72854   13.51305   19.91065  -14.74040   13.50392   19.90432    0.01625
  -4.54383   13.31601    5.64014   -4.48843   13.24765    5.67222    0.09365
 -31.41924  -29.65648  -31.78418  -31.37288  -29.57671  -31.76940    0.09344
 -10.89970   23.09343   19.98302  -10.91538   23.13761   19.95199    0.05622
  -2.84832   15.03785   57.41073   -2.91272   15.10915   57.41873    0.09641
  16.90697   -3.76158   52.27717   16.99601   -3.86120   52.28730    0.13399
  -8.82240  -22.84216  -11.97194   -8.79012  -22.89202  -11.94124    0.06686
 -34.53016  -27.54209  -21.46158  -34.49124  -27.49160  -21.47676    0.06554
 -28.81378  -17.60487   -7.38815  -28.81623  -17.60312   -7.36737    0.02100
   7.62037   22.63453   -3.78888    7.71683   22.56549   -3.74956    0.12497
  -0.17400   -8.16232   26.26874   -0.18346   -8.31320   26.31099    0.15697
  17.67410   18.94358   46.15620   17.71328   18.98526   46.17059    0.05899
 -38.24458  -17.02255  -13.22147  -38.26817  -17.03419  -13.20587    0.03058
  -2.59037  -20.05847  -35.89770   -2.64717  -20.01996  -35.86131    0.07768
 -33.69851  -27.36529  -34.41151  -33.63834  -27.27332  -34.37459    0.11594
  26.70524   -1.41048  -28.48635   26.73033   -1.37562  -28.41951    0.07946
  14.16071   22.57388   32.42697   14.16152   22.54954   32.42594    0.02438
  20.19116   23.49948   14.60730   20.21119   23.56756   14.62166    0.07240
  30.42535   19.61680  -17.58077   30.49587   19.65934  -17.60163    0.08496
   3.42901  -16.96415   -8.60103    3.42652  -16.94942   -8.60844    0.01668
  -0.82232  -19.89886  -31.57748   -0.82451  -19.89778  -31.57709    0.00247
  29.61436   21.23399   -5.16487   29.57540   21.18535   -5.16765    0.06238
  37.05278   10.59457    8.08841   36.97853   10.57879    8.02421    0.09942
  -1.91534   -7.83431   28.92173   -1.88721   -7.64590   28.87814    0.19542
  34.77981   15.74492   -8.85159   34.82058   15.77808   -8.84754    0.05270
  13.06907   -5.90613   56.18421   13.08662   -5.93725   56.18633    0.03579
  15.28661   25.62492   11.37933   15.28381   25.60633   11.37375    0.01962
  -7.63731   -7.81818   12.76072   -7.61239   -7.78782   12.75481    0.03971
  -6.17510  -21.15879  -11.54581   -6.16807  -21.17189  -11.53710    0.01723
  39.65807    1.90483   -4.31574   39.72020    1.85970   -4.30758    0.07722
 -39.94985  -20.04112  -18.16492  -39.90892  -20.02050  -18.18466    0.04990
  -3.21684  -20.65097  -13.23822   -3.23185  -20.61982  -13.25240    0.03737
  31.16443   -5.11298   11.62490   31.17827   -5.15116   11.64105    0.04370
  -3.49274  -22.42656  -34.62279   -3.43862  -22.45848  -34.66798    0.07739
  30.25586   12.02990   16.57504   30.24924   12.02746   16.57143    0.00792
   2.73739    8.65642  -15.01169    2.73609    8.61285  -14.99170    0.04795
 -17.57333  -13.37337  -48.77048  -17.59151  -13.36783  -48.69199    0.08076
 -28.13832  -12.25139  -47.96098  -28.11825  -12.24968  -47.90875    0.05598
 -10.46743   -9.59243    4.06999  -10.49115   -9.65638    4.10047    0.07471
  18.18567  -15.86998  -15.36267   18.19697  -15.82665  -15.34121    0.04966
   2.03784   -6.95040   52.99731    2.04181   -6.91585   53.00136    0.03501
 -44.20391   -6.66605  -24.97075  -43.97355   -6.71929  -24.91753    0.24235
  12.01037  -13.45590  -17.39227   11.99116  -13.40899  -17.35436    0.06331
  -1.31772   18.47366   46.93469   -1.25375   18.34718   46.91027    0.14382
 -11.34931   -9.88317    2.91210  -11.35508   -9.89873    2.91952    0.01818
  15.95203   24.63747  -18.69652   15.95555   24.63081  -18.69666    0.00753
  -7.54764   21.84547   35.85573   -7.55207   21.85846   35.86474    0.01642
  15.31804    7.66960   63.15456   15.31804    7.66960   63.15436    0.00020
  -6.47250  -21.31518  -39.96697   -6.51785  -21.27775  -39.93141    0.06872
  -7.67957   17.90274   13.68269   -7.67044   17.90012   13.69500    0.01554
  17.32091   17.18740   59.57202   17.25623   17.12406   59.56388    0.09090
 -10.86627  -10.69123  -47.08694  -10.86675  -10.69111  -47.08539    0.00162
  29.67372    3.67778   20.32008   29.60258    3.68049   20.28496    0.07938
  18.53275  -12.41634    0.98041   18.55872  -12.46618    1.00398    0.06095
 -31.03881    6.05333  -38.33504  -30.94554    5.86979  -38.25356    0.22141
 -36.17275  -25.25640  -18.75831  -36.16494  -25.24846  -18.76352    0.01230
  21.55665   25.49159   -6.90944   21.56540   25.51452   -6.91098    0.02459
  21.05452    1.44188   52.12396   21.13007    1.41078   52.13606    0.08260
  22.34431   23.50919   11.83103   22.30690   23.41047   11.80926    0.10780
  -5.87986   -4.68258   28.08437   -5.97436   -4.77545   28.08608    0.13251
  -0.40161   17.45770   53.40293   -0.44956   17.53357   53.41047    0.09008
   1.47453   -6.84624   52.92727    1.47499   -6.84219   52.92775    0.00411
  19.80843  -16.34162   -5.57100   19.81353  -16.35283   -5.56673    0.01304
   1.01810  -11.65968    7.84559    1.01405  -11.67961    7.84761    0.02045
  -0.43281   -6.07600   44.94730   -0.46437   -6.14788   44.95046    0.07857
   7.96428   19.62974   60.60718    7.94787   19.53401   60.52941    0.12442
  11.82716   -7.82093   17.97966   11.82714   -7.82087   17.97965    0.00007
   7.88665   -7.53836   21.48719    7.94193   -7.74492   21.51523    0.21566
 -38.72381    2.74021  -31.69141  -38.62867    2.64763  -31.65054    0.13890
 -39.30165  -18.43905  -35.72497  -39.31322  -18.44211  -35.72856    0.01249
   0.15354   -6.65837   60.32677    0.17180   -6.61193   60.33254    0.05024
 -22.81111    9.72138  -18.29994  -22.81090    9.72832  -18.29031    0.01188
  34.59158   -4.80306    5.07409   34.64342   -4.86088    5.07553    0.07767
  19.18889  -10.66364  -20.93982   19.21538  -10.63752  -20.91422    0.04516
 -40.95323   -3.24871  -17.19465  -40.96015   -3.24583  -17.18942    0.00913
  12.61926   22.13299  -18.22818   12.62962   22.12963  -18.22777    0.01090
 -21.39550   -4.81512  -48.16549  -21.37499   -4.84227  -48.09957    0.07418
  19.02560   16.50100   51.66384   18.99035   16.47286   51.65665    0.04568
 -37.12229   -6.67772  -42.27942  -37.12023   -6.67855  -42.27708    0.00323
  -6.04902  -10.68563    6.27181   -6.07050  -10.72844    6.28549    0.04982
   3.73831  -13.07348  -24.42637    3.70450  -13.06158  -24.40649    0.04099
 -15.50312   -1.08984    3.50276  -15.51465   -1.08877    3.50698    0.01232
  38.76294    6.13358    7.37667   38.76315    6.13363    7.37682    0.00027
 -28.65099    7.68363  -36.47980  -28.67213    7.73744  -36.50013    0.06128
 -27.83429  -18.58609  -46.66517  -27.82527  -18.57999  -46.64075    0.02674
 -19.71764  -22.43369   -8.14535  -19.72549  -22.41064   -8.18104    0.04321
  36.94068   13.20834    2.84599   36.99231   13.24379    2.84298    0.06270
   7.44269  -15.25461  -17.19572    7.47180  -15.31210  -17.22591    0.07116
  -7.08507   -6.35593   20.13803   -7.12114   -6.38441   20.14196    0.04613
  17.78519   17.46925  -30.58229   17.78502   17.47273  -30.58985    0.00833
  30.32771   13.73230  -25.06386   30.28673   13.69721  -25.02847    0.06453
  26.68935   23.02656  -10.39479   26.80209   23.18909  -10.40889    0.19831
 -29.60723    9.73370  -21.43295  -29.62012    9.76683  -21.42430    0.03659
  -5.40717    8.73026   62.29128   -5.41639    8.73825   62.31131    0.02345
  33.97602    8.89483   11.91040   34.11905    8.92723   12.01096    0.17782
  33.83517   -6.64858  -14.19462   33.91464   -6.70221  -14.19564    0.09588
 -12.46235  -27.61142  -15.93969  -12.46110  -27.64433  -15.91967    0.03854
  -7.61697  -26.43231  -18.58730   -7.50332  -26.53468  -18.51634    0.16861
  -5.29975   24.67557   22.74815   -5.31069   24.62213   22.75647    0.05518
 -16.17370    0.85281  -45.68996  -16.15819    0.87955  -45.72644    0.04782
 -18.12138   -2.54800   -0.82965  -18.08191   -2.56074   -0.84654    0.04478
  -1.47480   -4.39242  -29.76354   -1.50424   -4.40302  -29.73900    0.03976
  -2.84853   -4.59079   60.94128   -2.98552   -4.72171   60.93711    0.18954
  -7.44489   -5.78301   19.31826   -7.59217   -5.89932   19.33430    0.18836
 -27.35019  -31.56684  -21.56893  -27.33951  -31.53302  -21.57994    0.03713
 -19.68418  -29.29197  -38.68415  -19.67523  -29.33060  -38.70918    0.04689
   7.86857   20.56375   45.09720    7.85051   20.67021   45.10461    0.10824
  34.87142   15.64209  -10.75654   34.89353   15.65760  -10.76038    0.02728
 -31.35106   -8.38830   -7.29329  -31.34687   -8.39199   -7.29597    0.00619
 -41.77650   -3.25236  -18.32223  -41.80079   -3.24223  -18.30388    0.03208
  -1.82847  -17.30126   -7.63798   -1.82637  -17.32462   -7.62649    0.02612
   1.18363   -7.15923   56.38526    1.25178   -6.94962   56.38272    0.22042
 -12.28112    5.73382   -2.90131  -12.27457    5.72573   -2.90164    0.01041
 -16.04970  -31.77248  -22.97908  -16.04817  -31.77814  -22.97803    0.00595
  22.92318   17.29387   28.83517   23.01413   17.35909   28.85538    0.11373
  -0.10870   -6.60055   39.58535   -0.08411   -6.54183   39.58337    0.06369
   9.68020   -6.79692   28.07111    9.68574   -6.84426   28.07428    0.04777
  35.85879   14.22912   -3.36109   35.89218   14.25355   -3.36237    0.04139
  21.04464   10.80836   59.70501   21.01648   10.79910   59.70006    0.03005
  -6.36776   10.56092   46.86925   -6.49986   10.57920   46.87724    0.13360
 -11.94720   23.07507   30.41087  -11.99979   23.14748   30.44911    0.09732
 -17.53606  -30.65169  -35.51977  -17.53438  -30.65887  -35.52355    0.00829
  -0.33258  -14.97258  -34.59227   -0.38943  -14.97790  -34.58005    0.05839
 -30.50033    6.83976  -36.74239  -30.52121    6.86823  -36.75402    0.03717
  14.26057   19.48594   58.53109   14.25370   19.47765   58.52996    0.01082
 -25.94977   -4.09519  -47.37541  -25.94412   -4.08247  -47.39991    0.02818
  -5.88731    0.60214   50.22685   -6.10379    0.52882   50.22421    0.22858
  -8.51334   15.81046   13.40998   -8.51816   15.81504   13.40196    0.01042
  20.51328  -16.61603   -6.51238   20.43874  -16.45228   -6.57476    0.19043
  36.19900   13.14399  -10.17473   36.25331   13.17121  -10.19897    0.06541
  -1.93135  -17.89303  -36.49805   -1.93862  -17.89075  -36.49434    0.00847
  30.72423    4.57705  -28.00983   30.73554    4.58038  -28.02783    0.02152
  11.21727   -6.55106   52.44654   11.20754   -6.51136   52.44940    0.04098
  18.16473   14.18423   62.35046   18.16865   14.18693   62.35707    0.00814
  28.18195    0.30649   21.42575   28.20487    0.29601   21.43742    0.02777
  25.50971   23.63903    3.74428   25.54971   23.71950    3.75142    0.09015
   4.03070   -2.55443   63.40828    4.03071   -2.55560   63.35960    0.04870
  -1.04365  -16.46814  -35.84485   -1.08701  -16.45153  -35.81870    0.05329
   6.22151   -4.37342  -23.14305    6.22005   -4.37394  -23.13911    0.00423
 -13.05865   -6.66904  -47.74796  -13.05899   -6.66976  -47.72677    0.02120
   6.49897    6.59923   63.13232    6.50175    6.59822   63.15638    0.02425
  10.59537   24.79295   14.91955   10.59851   24.89898   14.93419    0.10708
 -22.85020  -11.41866  -48.77972  -22.83914  -11.43506  -48.81476    0.04023
  16.78243   -4.65595   49.17867   16.58148   -4.43248   49.16980    0.30067
 -11.23832   22.71954   19.25522  -11.19408   22.60793   19.33857    0.14616
   3.08141   -7.26072   55.99446    3.08081   -7.26703   55.99437    0.00635
 -14.55348  -23.73067  -43.42335  -14.55190  -23.73973  -43.43250    0.01298
  -6.35903   15.53114   43.21219   -6.51898   15.56410   43.26590    0.17191
 -23.41991    6.60050  -40.91396  -23.42269    6.56810  -40.87930    0.04754
  -7.84645  -11.35952  -45.04309   -7.83280  -11.36129  -45.05850    0.02066
 -14.14519    8.69790  -37.01201  -14.16899    8.65441  -36.99619    0.05204
  25.95654  -12.13748   -3.87727   25.96021  -12.14738   -3.86955    0.01309
 -15.28577    3.23048   -4.48748  -15.29475    3.24117   -4.48667    0.01398
  16.82979   19.36646   48.37499   16.71812   19.25004   48.35980    0.16203
 -20.17936   10.94498  -34.97830  -20.18124   10.89439  -34.94040    0.06324
  -2.89294  -22.06082  -16.95455   -2.89335  -22.06037  -16.95484    0.00067
 -10.37885   24.80652   25.03731  -10.37538   24.79379   25.03767    0.01321
  10.27985   -6.70570   54.92624   10.29534   -6.78637   54.92476    0.08216
 -25.48976    5.59859  -41.16040  -25.49714    5.61939  -41.18223    0.03104
  37.30805   11.32607   -8.41777   37.32341   11.33146   -8.41896    0.01632
  14.06307   22.38251   33.89811   14.06100   22.41919   33.90347    0.03713
   0.40367  -14.46455  -29.53515    0.42038  -14.46573  -29.54101    0.01775
  12.17977    3.01956  -19.37091   12.18878    2.95305  -19.27776    0.11482
  -0.34796   23.72951   26.18330   -0.34116   23.80961   26.19159    0.08081
  35.86009    6.67898  -18.53067   35.91030    6.68958  -18.55244    0.05575
  -2.33567  -23.53859  -28.59300   -2.43899  -23.44261  -28.56260    0.14426
  -5.82072  -19.23130   -9.63963   -5.83274  -19.20456   -9.67022    0.04236
  26.10594   23.52554   -8.06862   26.14183   23.60787   -8.07102    0.08984
  14.76987   27.04560   -0.14725   14.76649   27.01759   -0.14287    0.02856
   5.90043  -14.38070  -21.29739    5.82132  -14.30276  -21.24743    0.12178
  28.02138  -10.92232   -8.81168   27.99402  -10.89090   -8.82134    0.04277
 -10.49671    9.75758   32.14856  -10.44312    9.81705   32.12712    0.08288
  -1.58116   22.49556   33.84680   -1.59980   22.39170   33.81063    0.11155
   9.66325   13.49427  -10.21901    9.65568   13.49857  -10.23147    0.01520
  -7.11567  -23.84705  -14.83930   -7.11210  -23.85394  -14.83432    0.00922
  -6.25360  -27.31507  -25.11119   -6.27648  -27.28113  -25.11466    0.04108
  34.82121   14.14153  -14.51730   34.81933   14.14067  -14.51659    0.00218
   0.24058   -4.75684   63.43821    0.24017   -4.75528   63.47046    0.03229
  12.30529  -11.02368  -19.74986   12.33315  -11.09272  -19.81849    0.10125
   4.08984   24.23542   12.01392    4.08982   24.23546   12.01392    0.00004
  -6.81447    7.67849   57.27088   -6.87423    7.69019   57.26754    0.06099
  31.76920   14.79487   12.16914   31.81701   14.81570   12.20363    0.06253
  -8.24931   10.90904    7.83470   -8.17347   10.82903    7.85974    0.11305
  -3.74506   10.36459   -3.62162   -3.77847   10.42888   -3.64479    0.07608
  19.52989   17.43552  -30.51122   19.51019   17.41219  -30.47640    0.04631
  21.03332  -13.12743  -19.45528   21.04849  -13.09913  -19.45952    0.03239
  -6.95943  -21.68059  -11.39067   -7.01815  -21.55890  -11.46486    0.15414
 -35.81295  -22.10795  -14.01218  -35.84226  -22.13802  -13.98897    0.04798
  25.69261   -6.76964   11.13962   25.69012   -6.71163   11.12202    0.06068
  16.93424   -3.62090   56.71294   16.82789   -3.51834   56.70356    0.14805
