200, PA4-G-Unknown-Output.txt
 -31.39652    2.95585  -13.76602  -31.39741    2.95613  -13.76382    0.00239
 -41.15667   -3.37876  -17.37140  -41.15464   -3.37961  -17.37294    0.00269
  -8.87246  -20.46155  -43.13026   -8.87106  -20.46289  -43.13208    0.00265
  -7.54414    8.85406   -0.39654   -7.54668    8.85773   -0.39725    0.00453
  11.73499   17.85263  -26.64750   11.73715   17.85351  -26.64702    0.00238
  -6.72066    8.86966   46.42378   -6.71914    8.86953   46.42372    0.00153
  19.12281   20.33436   35.41392   19.12493   20.33691   35.41415    0.00332
  19.27456   -8.38345  -23.04622   19.27494   -8.38011  -23.04261    0.00494
 -21.93665  -14.18999   -5.67732  -21.93653  -14.18984   -5.67778    0.00050
  16.26602   22.27707  -28.72645   16.26521   22.27535  -28.72527    0.00224
 -29.12332   -2.89508  -46.00765  -29.12405   -2.89436  -46.00909    0.00177
 -40.43484  -20.50711  -30.71531  -40.42668  -20.50266  -30.71296    0.00959
 -11.73253   23.40675   20.74431  -11.73087   23.40107   20.74608    0.00617
  -7.96034    3.51878   29.75504   -7.96513    3.51800   29.75605    0.00497
  -7.48132    4.15268   32.65009   -7.47663    4.15341   32.64920    0.00484
  -0.57937   -0.47074  -25.72772   -0.57605   -0.46788  -25.73045    0.00516
 -10.08565  -24.39643  -12.73303  -10.08505  -24.39733  -12.73213    0.00141
  19.07954   21.71518   26.40695   19.08281   21.72127   26.40818    0.00702
 -42.40899  -14.63864  -20.14184  -42.41140  -14.63921  -20.14111    0.00258
   9.93848   24.40273   -5.00637    9.93296   24.40840   -5.00986    0.00864
  -5.65264   11.76993   50.40744   -5.65268   11.76994   50.40744    0.00004
  39.82453    4.91191    1.73007   39.82234    4.91215    1.72994    0.00221
   1.86439   16.67447    1.37294    1.85843   16.67902    1.36996    0.00808
   0.24751   18.54668    5.75222    0.25023   18.54488    5.75454    0.00400
  18.64870   -1.70471   54.69631   18.64561   -1.70188   54.69612    0.00419
  12.05470  -16.73346   -4.33731   12.05421  -16.73541   -4.33685    0.00207
 -37.63111   -1.64043  -14.10871  -37.63010   -1.64111  -14.10970    0.00157
  -4.59124   24.54947   27.93675   -4.59353   24.53731   27.93362    0.01277
  -4.32158  -24.53648  -31.33963   -4.32220  -24.53590  -31.33942    0.00087
  21.39765  -11.15065  -21.51967   21.39858  -11.14652  -21.50860    0.01185
  20.67719   21.12567   24.60894   20.67772   21.12653   24.60907    0.00101
   1.90203   -7.23585   33.69882    1.90205   -7.23605   33.69886    0.00021
  -5.83531   10.97654   58.32866   -5.83158   10.97468   58.32898    0.00418
  -3.81685   -0.30262  -30.10446   -3.81716   -0.30277  -30.10428    0.00039
  -9.91023   -9.67191    4.51031   -9.91149   -9.67529    4.51193    0.00395
  11.01646  -14.42291  -16.40488   11.01602  -14.42056  -16.40369    0.00267
  12.73130   15.27187   63.07262   12.73152   15.27189   63.08165    0.00903
   2.59179   23.10324   29.02459    2.59119   23.09882   29.02365    0.00456
 -31.89928    4.38837  -14.40683  -31.89966    4.38885  -14.40609    0.00096
  14.30621   18.76387  -30.89504   14.30815   18.76516  -30.88755    0.00784
  14.06812   -5.40779   55.70816   14.07181   -5.41434   55.70860    0.00753
 -29.61426    8.86279  -32.74212  -29.61338    8.85995  -32.74091    0.00321
 -25.39433   -4.28492  -47.37984  -25.39461   -4.28557  -47.37860    0.00143
  18.66717   -6.97833   16.01616   18.66591   -6.97319   16.01524    0.00537
  36.26150   -1.38950    9.81869   36.26491   -1.39090    9.82051    0.00411
  18.48338    7.96683  -26.55881   18.49162    7.97148  -26.55225    0.01151
  27.16122    7.59232   27.26962   27.15702    7.59183   27.26848    0.00438
   2.06880   23.84511   22.54575    2.06778   23.83748   22.54540    0.00770
 -14.28577    3.09667  -43.16114  -14.28667    3.09466  -43.15845    0.00348
  -4.54797   16.93574   10.34137   -4.54862   16.93625   10.34073    0.00104
  20.53772    0.08904   52.05904   20.53796    0.08892   52.05907    0.00026
  37.76747   -1.00326  -12.12405   37.76160   -0.99986  -12.12199    0.00708
  38.51546    3.53245  -12.22141   38.51489    3.53243  -12.22117    0.00062
 -18.40918   12.21508  -26.90343  -18.40898   12.21688  -26.90330    0.00182
 -42.11090   -6.62644  -17.65713  -42.10771   -6.62642  -17.65958    0.00402
  32.15138   -6.96083    0.65634   32.14623   -6.95443    0.65629    0.00822
   1.32165   18.20394   55.85186    1.32467   18.19426   55.85132    0.01015
 -34.27416  -13.54583  -45.70737  -34.27547  -13.54642  -45.70947    0.00254
  20.83292  -15.92196  -14.90687   20.83026  -15.90916  -14.90591    0.01311
 -19.49775  -26.41930  -10.90179  -19.49783  -26.41900  -10.90206    0.00042
  11.98219   17.30222  -22.71594   11.98230   17.30227  -22.71596    0.00012
  23.21767   17.95938  -27.88910   23.21565   17.95797  -27.88659    0.00352
  -4.03079  -18.17943  -39.19575   -4.02911  -18.18046  -39.19753    0.00266
  21.11352   22.42852  -25.80073   21.11408   22.42956  -25.80140    0.00136
   6.80430   19.43141   -5.46255    6.80281   19.43176   -5.46341    0.00176
  -5.33111   -1.81256   59.64302   -5.33329   -1.81409   59.64295    0.00267
  26.50824    0.81850   26.68529   26.50280    0.82055   26.68331    0.00614
  15.13716   19.53334  -30.73797   15.13608   19.53648  -30.74172    0.00500
   9.25338   25.97998    8.34024    9.24539   25.99835    8.34302    0.02022
  30.45343    9.27342  -28.01878   30.45004    9.27187  -28.01602    0.00463
   4.20498   23.14927   27.44759    4.20363   23.13974   27.44625    0.00972
  -3.33181   -4.51173  -38.02279   -3.33070   -4.51135  -38.02314    0.00122
  26.02051   13.18504   26.10789   26.01553   13.18233   26.10661    0.00581
   3.18551  -14.74405   -3.29003    3.18577  -14.74140   -3.29132    0.00296
  -6.64257   15.64323   42.85615   -6.64056   15.64282   42.85547    0.00216
 -13.35708    2.82202  -43.05796  -13.35799    2.81996  -43.05522    0.00355
  -6.51523    1.26179   38.98726   -6.51008    1.26260   38.98703    0.00522
   3.47452   21.54887    4.16738    3.47423   21.54903    4.16727    0.00034
 -42.63235  -11.11420  -18.88591  -42.63557  -11.11447  -18.88485    0.00341
  -3.44853  -15.63543  -39.83847   -3.44747  -15.63538  -39.83958    0.00154
  -9.98371  -17.16634  -44.71893   -9.98126  -17.16843  -44.72298    0.00518
 -36.48639  -11.50690   -9.48009  -36.48801  -11.50751   -9.47847    0.00237
 -26.76618  -14.77339   -6.60578  -26.76617  -14.77400   -6.60406    0.00183
  -8.39940  -21.91871  -41.49142   -8.39779  -21.92026  -41.49317    0.00283
 -30.75702  -30.25592  -30.05804  -30.75527  -30.25290  -30.05748    0.00353
  10.41499   -6.46719   43.69636   10.41533   -6.47014   43.69630    0.00297
  -9.83630    9.05893  -20.59686   -9.83261    9.06617  -20.59627    0.00815
  26.38964   -1.31801   24.19044   26.39276   -1.32042   24.19152    0.00409
 -16.20987  -12.36156   -3.07011  -16.20975  -12.36141   -3.07036    0.00031
  24.32882  -12.02472   -2.94117   24.32926  -12.02590   -2.94025    0.00156
   2.76842   14.61731   -3.56442    2.76754   14.61823   -3.56496    0.00138
  -1.86070    7.10517  -19.36790   -1.86029    7.10905  -19.36933    0.00416
   6.74751  -11.05576  -22.52341    6.74779  -11.05614  -22.52415    0.00088
 -26.08166  -20.69621  -46.18785  -26.08164  -20.69614  -46.18770    0.00017
  22.52608   -5.79482   17.05456   22.52527   -5.79162   17.05369    0.00341
  30.84688   10.34073  -26.90177   30.84207   10.33867  -26.89831    0.00627
  -2.80190    8.28386  -16.73931   -2.80176    8.28667  -16.74004    0.00290
  -1.22659  -18.17780   -9.53314   -1.22679  -18.17655   -9.53373    0.00140
 -30.28958   -7.27771  -47.12211  -30.28834   -7.27877  -47.11742    0.00497
  -2.44561   22.54240   15.21683   -2.44506   22.54133   15.21753    0.00139
 -15.02230  -28.63166  -38.07049  -15.02147  -28.63463  -38.07217    0.00351
 -39.09149   -3.40778  -38.28352  -39.09303   -3.40730  -38.28440    0.00183
 -11.08776   16.82118   37.22983  -11.10009   16.81500   37.24586    0.02115
  19.83196   -8.68096  -22.83930   19.83289   -8.67276  -22.83045    0.01210
  -8.87004  -12.80787    0.01969   -8.87021  -12.80895    0.02027    0.00123
  35.48401   -3.87591    7.22337   35.47607   -3.86765    7.22077    0.01175
 -27.14661    2.51885  -43.52138  -27.14643    2.51835  -43.52084    0.00076
 -31.34920    0.27788  -42.89524  -31.34728    0.27441  -42.89058    0.00612
  -3.88059   14.81527   51.14659   -3.87569   14.81058   51.14583    0.00683
  29.43722   20.67025    8.19669   29.43575   20.66814    8.19609    0.00265
 -34.57618  -26.72323  -33.85039  -34.56928  -26.71562  -33.84699    0.01082
  29.72371   17.21794  -22.40699   29.72301   17.21738  -22.40634    0.00111
 -13.48348  -17.75260   -6.67570  -13.48179  -17.75625   -6.67132    0.00594
 -38.67788  -22.90216  -20.13044  -38.67606  -22.90064  -20.13105    0.00244
   1.09190  -14.84082   -3.62475    1.09254  -14.84886   -3.62096    0.00891
 -35.04073   -7.54777   -8.90063  -35.04007   -7.54867   -8.90223    0.00196
 -26.02009  -32.31783  -26.69433  -26.02003  -32.31750  -26.69431    0.00033
  10.09342   -6.41845   37.94178   10.09359   -6.41963   37.94179    0.00119
  -4.16380   17.46950   10.36420   -4.16501   17.47040   10.36305    0.00190
  10.47203  -15.11889    0.28817   10.47282  -15.11292    0.28514    0.00674
   5.02776   20.19725   45.28739    5.02822   20.19489   45.28719    0.00242
 -35.12330  -12.10844  -45.48394  -35.11829  -12.10907  -45.47552    0.00982
   2.54507   10.07488  -11.82417    2.54270   10.08078  -11.82637    0.00673
  15.28362   27.02954   -0.13958   15.28369   27.02903   -0.13962    0.00051
   0.92650   21.00388    8.02288    0.93108   20.99886    8.02577    0.00739
  11.40909  -16.06035  -11.79387   11.40917  -16.05643  -11.79222    0.00425
 -20.84553  -13.39650   -5.11667  -20.84584  -13.39730   -5.11519    0.00171
  -3.18395  -21.79502  -16.10386   -3.18052  -21.79892  -16.10160    0.00567
   0.94608   -0.25302  -24.56790    0.94386   -0.25321  -24.56438    0.00417
  -6.36754    1.03872   46.00932   -6.36706    1.03889   46.00932    0.00051
 -14.96221  -10.39753   -0.47231  -14.96676  -10.40459   -0.46663    0.01014
  14.72372  -11.73382    5.38919   14.72237  -11.72748    5.38453    0.00799
 -42.84580   -4.70417  -20.23820  -42.84462   -4.70493  -20.23853    0.00144
  -5.66666   10.85751    2.08909   -5.67048   10.86205    2.08763    0.00612
  39.58803    7.54690   -4.90159   39.59144    7.54828   -4.90232    0.00375
   3.45128    7.42191  -16.65326    3.44954    7.41831  -16.64971    0.00535
  10.29120  -14.52258  -16.49039   10.28979  -14.51507  -16.48659    0.00853
  20.27568   19.58953   31.94680   20.27189   19.58559   31.94660    0.00546
  34.64183    2.18169   12.62851   34.64009    2.18164   12.62684    0.00241
 -13.34324   23.02386   22.80049  -13.34011   23.02061   22.80107    0.00456
 -11.97736    8.30869  -34.85551  -11.97585    8.31194  -34.85663    0.00376
  20.16234   -2.45093   42.32833   20.17632   -2.46594   42.33035    0.02061
  31.85837   10.30467   14.89508   31.86578   10.30799   14.89876    0.00892
 -42.02877   -2.15515  -22.80942  -42.02798   -2.15558  -22.80959    0.00092
  -8.51286   19.37591   38.23559   -8.51597   19.37844   38.24105    0.00677
  -2.09132  -21.88569  -18.20790   -2.09296  -21.88393  -18.20848    0.00247
 -39.47973  -11.84691  -13.25196  -39.47494  -11.84621  -13.25526    0.00586
  13.67174   22.78383  -23.25521   13.66561   22.78910  -23.25763    0.00844
  -9.78584  -20.85682  -43.40278   -9.78590  -20.85672  -43.40257    0.00024
   2.34210  -16.12952  -24.44106    2.34173  -16.12931  -24.44090    0.00046
  -0.41102  -15.95084  -34.81926   -0.40661  -15.95263  -34.82078    0.00500
   8.79311   20.79939   -8.00279    8.78931   20.80082   -8.00462    0.00446
  28.50293   10.16082   21.59076   28.50585   10.16204   21.59213    0.00345
  -0.86432   -1.23628  -26.63974   -0.86414   -1.23612  -26.64000    0.00035
 -31.34583    4.88038  -14.44585  -31.34610    4.88073  -14.44532    0.00068
  -2.29874  -20.20131  -13.31264   -2.29999  -20.19871  -13.31382    0.00311
  39.75701    2.49107   -1.54547   39.75361    2.49325   -1.54590    0.00406
  -4.62657   -3.43343   39.72634   -4.62982   -3.43597   39.72732    0.00424
 -16.78797  -31.68161  -32.24754  -16.78776  -31.68234  -32.24770    0.00078
  33.73569   16.78343   -1.08742   33.73690   16.78453   -1.08770    0.00166
 -21.42612    7.18979  -16.06505  -21.42611    7.19059  -16.06433    0.00108
  -1.26909   -7.56452  -31.19101   -1.26709   -7.56380  -31.19186    0.00229
   3.83477   -8.29044  -25.35161    3.83415   -8.29064  -25.35076    0.00106
  17.20086    8.95902   63.15694   17.20129    8.95885   63.16289    0.00597
   1.92432  -11.71176    9.33949    1.92529  -11.70660    9.33897    0.00528
   3.45763   -4.37091  -24.72160    3.45938   -4.37031  -24.72434    0.00330
  30.27815   13.24465   15.68037   30.27666   13.24426   15.67990    0.00161
   5.97042   -9.71858   15.93386    5.97058   -9.71913   15.93400    0.00059
  20.04625  -10.30197    3.88152   20.04506  -10.29987    3.88057    0.00260
   4.80314    3.75701  -19.60589    4.80363    3.75775  -19.60674    0.00124
  18.41701   23.43590   17.73001   18.41943   23.44351   17.73190    0.00820
  36.41336    1.23324  -16.94947   36.41696    1.23361  -16.95116    0.00400
  18.82468   10.71832   63.06949   18.82513   10.71829   63.07588    0.00641
  34.06188   14.72338  -15.67482   34.05862   14.72174  -15.67343    0.00390
 -12.02633   12.15541   16.70113  -12.02220   12.15438   16.70376    0.00500
 -14.11624   -4.74613    4.84094  -14.12290   -4.74962    4.84508    0.00858
  -4.77720    8.62475  -14.25326   -4.77593    8.61988  -14.25269    0.00506
  -7.10444   12.21288   42.58385   -7.10696   12.21284   42.58470    0.00267
  35.07067   -2.57818   10.37823   35.06734   -2.57545   10.37495    0.00542
 -13.12969  -25.03711  -11.55513  -13.12824  -25.03919  -11.55213    0.00393
  -4.26471  -25.48273  -22.85629   -4.25741  -25.48999  -22.85419    0.01051
   0.94984  -12.25198    4.42167    0.95000  -12.24521    4.42037    0.00689
 -11.12982  -24.59169  -41.12176  -11.12883  -24.59336  -41.12346    0.00258
 -41.19386  -11.69140  -15.86394  -41.19269  -11.69127  -15.86448    0.00129
  -2.95831   -5.04303  -35.73948   -2.94919   -5.03870  -35.73761    0.01027
  -7.81456    5.81233  -30.89402   -7.81084    5.81574  -30.89427    0.00505
  31.68602   -8.90289  -13.91926   31.67817   -8.89354  -13.92032    0.01225
  -9.35773    5.50471   26.35648   -9.35640    5.50527   26.35619    0.00148
  28.05737    3.74064  -29.91098   28.05668    3.74041  -29.90997    0.00125
  -2.30038   -7.39639  -37.33707   -2.30210   -7.39681  -37.33658    0.00183
 -31.97135   -0.08581  -42.91152  -31.96919   -0.08972  -42.90626    0.00690
 -38.17172    1.11593  -35.71472  -38.16720    1.11287  -35.71274    0.00581
  24.90486    3.72248   35.26108   24.89230    3.72436   35.25713    0.01329
   0.05282   -6.25915   50.35819    0.05349   -6.25756   50.35817    0.00172
 -29.04301  -23.31013   -9.39856  -29.04339  -23.31095   -9.39712    0.00170
   1.93152   -6.99512   53.75863    1.93187   -6.99214   53.75898    0.00302
  32.93100   -6.00841   -6.08974   32.92911   -6.00703   -6.08942    0.00236
  22.89182    7.40533   48.15394   22.89226    7.40533   48.15399    0.00044
 -39.52295  -13.58788  -38.63803  -39.51991  -13.58763  -38.63741    0.00312
 -13.23535  -29.03313  -36.37611  -13.23682  -29.02786  -36.37347    0.00608
