200, PA4-J-Unknown-Output.txt
   3.09453   23.84074   11.16172    3.14715   23.76177   11.18160    0.09695
   8.93881   20.81270   52.50778    8.87499   20.99834   52.53015    0.19758
  -1.34118  -11.02360   11.48221   -1.32851  -10.92564   11.47266    0.09924
  -2.69289  -22.81870  -19.88319   -2.61153  -22.90639  -19.85434    0.12305
  -4.63718   13.51947   53.30924   -4.62370   13.51115   53.30858    0.01586
  32.07793   -6.71899    6.52142   32.08058   -6.72356    6.52363    0.00573
 -39.82907  -22.00104  -24.03744  -39.90511  -22.05307  -24.02706    0.09272
  15.94297   -6.60544   22.97959   15.93257   -6.53013   22.97173    0.07643
  -3.15893   19.53488   40.90820   -3.17851   19.69846   40.98731    0.18276
  -6.13004    2.66794   60.68167   -6.29260    2.64557   60.71867    0.16821
  -5.11410   12.64388    5.96202   -5.21461   12.76794    5.90381    0.16994
 -10.91333    0.40419  -43.20369  -10.90972    0.40704  -43.20925    0.00721
  15.32489  -11.65007  -19.03932   15.32567  -11.61836  -19.00276    0.04840
  24.77464   -2.57769   25.27529   24.68234   -2.48140   25.24544    0.13668
  30.15524    0.14950   17.95932   30.08615    0.17455   17.90902    0.08905
 -21.63355   -8.56051  -48.90935  -21.62888   -8.54580  -48.93638    0.03112
  -0.40193  -18.76245  -31.75255   -0.45331  -18.74757  -31.74359    0.05424
  28.32417    6.96858   23.28848   28.41058    6.98064   23.31573    0.09141
  -1.12410  -21.51623  -28.02993   -1.10719  -21.52481  -28.03188    0.01907
 -28.71705  -30.04261  -18.67944  -28.67584  -29.91739  -18.74547    0.14744
 -27.66282  -23.55644   -9.22810  -27.67321  -23.57889   -9.18864    0.04658
 -13.86114  -26.11037  -12.20394  -13.85770  -26.13860  -12.16850    0.04544
 -10.20895  -25.01533  -13.39533  -10.22415  -24.98272  -13.41679    0.04190
 -16.69547    5.70528  -41.83290  -16.71078    5.78024  -41.92579    0.12034
 -31.02861    5.88098  -38.37973  -30.99041    5.80580  -38.34636    0.09069
 -12.19784  -21.01264   -9.61102  -12.15021  -21.04262   -9.55328    0.08063
  11.48382   -6.71962   26.86560   11.47386   -6.65175   26.86296    0.06865
  -4.69570  -20.43543  -11.51691   -4.69622  -20.43429  -11.51767    0.00146
 -38.90917   -8.37651  -11.99663  -38.90767   -8.37682  -11.99777    0.00191
 -23.62137   11.69458  -21.43009  -23.62900   11.71708  -21.42875    0.02380
 -11.18969   13.37067   35.51899  -11.18739   13.37268   35.51670    0.00382
 -10.69813    8.75543  -28.40701  -10.71881    8.71282  -28.40308    0.04753
  19.90066   14.17797   58.22753   19.85623   14.14516   58.22011    0.05573
  -5.51906   -3.29182   35.94989   -5.54904   -3.31205   35.95376    0.03637
  22.53338    4.00466   47.82432   22.47999    4.01522   47.81761    0.05483
 -24.15925   -3.31918  -47.46283  -24.16597   -3.32093  -47.48084    0.01930
   5.04609  -12.68620  -22.89575    5.00518  -12.66268  -22.86286    0.05752
  -3.73358   -3.32910  -35.75224   -3.57258   -3.29018  -35.74623    0.16575
 -22.47722   11.65219  -20.16386  -22.47606   11.62749  -20.17870    0.02884
  -8.92949    8.28839   32.28272   -8.93933    8.28131   32.28653    0.01270
   7.09087   -6.27391   63.30060    7.08545   -6.28492   63.32904    0.03097
 -39.19669    3.25269  -26.78899  -39.08781    3.17399  -26.78100    0.13458
  33.14016    7.32458   13.88395   33.16986    7.33150   13.90392    0.03645
   9.85775   25.64754   11.26106    9.86429   25.68702   11.26866    0.04074
  23.84758    1.22838  -28.60738   23.89891    1.26204  -28.53714    0.09328
 -15.14876  -12.76807   -2.81911  -15.14550  -12.76372   -2.82617    0.00891
 -39.78317  -14.83359  -14.41574  -39.78040  -14.83310  -14.41764    0.00340
   7.69089   -6.95858   55.49186    7.71127   -7.18100   55.48578    0.22343
  28.49021   -9.50691    0.68187   28.54300   -9.62995    0.72828    0.14170
   0.49291  -19.57908  -24.95499    0.41773  -19.54873  -24.93578    0.08332
  14.72819   22.91063   26.76464   14.73482   22.96233   26.76957    0.05235
  -1.98404   -5.69685   61.54465   -1.94577   -5.62699   61.54591    0.07967
  -3.62945  -23.19104  -33.90814   -3.67103  -23.13804  -33.87538    0.07491
  13.84311   -5.60073   56.39305   13.79871   -5.52199   56.38767    0.09056
 -31.48111    9.27163  -22.84669  -31.47781    9.26668  -22.84812    0.00612
   7.37748  -12.48451    6.18055    7.37213  -12.53808    6.18109    0.05384
 -12.44510   -0.57294   11.36473  -12.36020   -0.56208   11.33840    0.08955
 -39.93830  -10.98899  -33.56493  -39.89791  -10.98020  -33.55339    0.04291
   3.61202   22.11051   31.72467    3.62543   22.26646   31.76308    0.16117
  22.57929   -8.35739    6.74027   22.59492   -8.42155    6.75906    0.06866
 -15.55719   13.61503   22.39792  -15.67088   13.57235   22.41176    0.12222
  12.95411   -5.45681   61.99340   13.00255   -5.52278   62.06260    0.10717
 -39.20173  -22.56357  -20.75941  -39.13440  -22.51749  -20.76895    0.08214
 -21.79705  -29.68447  -15.28197  -21.80352  -29.75964  -15.23685    0.08791
   1.92850   17.24169    1.55840    2.07306   17.13140    1.63075    0.19568
 -20.93872  -11.29071  -49.50483  -20.93520  -11.29333  -49.54142    0.03686
 -30.41532  -27.61286  -15.63267  -30.42231  -27.62030  -15.62718    0.01159
 -10.29263  -21.55561   -9.87497  -10.28805  -21.50591   -9.93516    0.07820
  17.45174   25.32569  -15.39694   17.44216   25.39034  -15.40267    0.06561
  16.82259   -3.36901   58.75497   16.81514   -3.36176   58.75443    0.01041
  14.78698   16.51920   62.88290   14.78971   16.52228   62.89053    0.00867
 -24.21105  -10.89959   -5.62504  -24.19941  -10.89882   -5.64140    0.02009
 -40.44027    1.03697  -23.39907  -40.42161    1.02657  -23.40280    0.02169
   6.20918   21.81117   -1.21259    6.19723   21.81789   -1.21924    0.01525
  33.55115   17.35515    5.34764   33.50076   17.30946    5.34173    0.06827
  28.32894   -0.82207   20.29326   28.29320   -0.80573   20.27506    0.04332
   8.75844    6.77587  -15.68520    8.76097    6.74188  -15.62946    0.06533
 -21.90858   -5.03217   -5.34423  -21.96126   -4.99767   -5.27203    0.09581
 -20.53063  -29.31495  -14.43278  -20.53514  -29.36731  -14.40136    0.06123
 -13.79100  -31.44991  -28.90318  -13.82738  -31.33923  -28.88858    0.11742
 -43.38347   -4.73850  -22.53353  -43.31044   -4.77706  -22.53931    0.08278
  -7.21836   -9.94559    6.41182   -7.28007  -10.06856    6.45111    0.14308
  14.75996   21.43551   45.23194   14.80577   21.53690   45.22955    0.11129
  38.10828    4.44916  -12.60477   38.14586    4.45569  -12.62743    0.04437
  13.09305   23.87198  -11.79656   13.08679   23.88318  -11.80089    0.01354
   5.55287   24.09421   20.63399    5.54703   23.92979   20.61219    0.16596
  -4.15204   15.50966    8.17382   -4.07264   15.41100    8.26200    0.15431
  28.49061   10.44775  -29.12687   28.50982   10.46406  -29.15126    0.03506
 -22.24744  -25.41887  -42.92003  -22.22131  -25.34523  -42.84335    0.10948
  11.05358   19.76150  -13.69453   11.15170   19.72095  -13.65953    0.11179
 -16.29171    2.27868   -3.41614  -16.31298    2.30399   -3.41421    0.03311
  30.21592   19.99124  -18.19354   30.15025   19.95162  -18.17412    0.07912
 -43.26615  -13.11721  -22.84354  -43.36439  -13.13491  -22.82239    0.10204
 -14.48176  -27.98440  -38.88570  -14.48426  -27.97406  -38.87881    0.01268
   7.78699   19.97269   54.86705    7.67469   20.29930   54.90641    0.34760
   2.46799   -7.23927   56.44117    2.47028   -7.21525   56.44153    0.02413
  -3.97624  -21.76548  -36.14939   -4.02308  -21.73171  -36.11894    0.06528
  18.75594   20.80127   33.97543   18.75014   20.79430   33.97457    0.00910
  27.15079   11.93006   24.04306   27.12274   11.92211   24.03430    0.03044
 -15.55839  -24.82599  -10.89923  -15.55763  -24.83060  -10.89371    0.00723
  21.62937   12.27478   50.37052   21.65062   12.28286   50.37384    0.02298
 -43.32527   -9.74433  -28.38456  -43.26093   -9.71442  -28.34265    0.08240
  30.90535    2.65756  -27.42164   30.91403    2.65656  -27.42673    0.01012
  12.85044   -6.07907   49.87612   12.85204   -6.09110   49.87667    0.01215
  19.51513   21.79139  -27.78905   19.47828   21.75182  -27.70604    0.09907
  11.43266   21.21717  -12.63358   11.40673   21.22758  -12.64424    0.02991
   2.38423   -5.29240  -25.79225    2.37713   -5.29548  -25.78368    0.01155
  27.91948   17.34195  -24.32157   27.90595   17.33100  -24.30993    0.02094
  16.19196   18.02608   59.57339   16.13172   17.94342   59.56585    0.10256
 -26.48204  -18.80022   -7.10469  -26.49096  -18.79736   -7.04319    0.06221
  23.57377    7.64998   45.11543   23.39529    7.63744   45.09722    0.17985
 -25.12365   -2.75805  -47.22656  -25.10787   -2.75394  -47.18430    0.04530
  -7.05591  -23.29574  -13.99906   -7.07747  -23.25414  -14.02912    0.05567
  25.80606  -12.48782   -5.34049   25.86063  -12.59577   -5.31786    0.12305
  34.51824    1.30742  -22.14483   34.43053    1.30671  -22.08374    0.10689
  24.77084   24.10296  -15.23151   24.76445   24.08992  -15.23158    0.01452
  28.82560   10.65557  -28.85352   28.79548   10.63001  -28.81528    0.05498
 -37.35031    5.05750  -25.14038  -37.34457    5.05143  -25.14090    0.00838
  -6.69933    3.57441   54.26554   -6.77027    3.56835   54.27009    0.07135
  -6.91913    5.00521   54.72565   -6.97201    4.99785   54.72474    0.05339
  16.32729   25.75833  -11.64737   16.36197   25.64775  -11.63016    0.11716
 -31.74521   -9.08552  -46.89807  -31.75245   -9.08786  -46.91570    0.01920
 -15.66194    3.68339   -7.10043  -15.74668    3.79075   -7.05582    0.14387
  27.99761   22.56285    0.65198   27.95261   22.50887    0.64638    0.07050
  11.73106    0.12793  -21.14397   11.73350    0.11540  -21.12270    0.02481
 -34.95964    3.14281  -14.87517  -34.90727    3.04684  -14.96012    0.13846
  -1.44519  -10.32198   15.74662   -1.44563  -10.35195   15.75280    0.03060
 -33.95800  -13.54035  -45.88897  -33.96639  -13.54414  -45.90245    0.01632
  18.28901   -6.35178  -23.20490   18.31755   -6.35585  -23.14837    0.06346
 -22.40261  -27.19806  -11.74150  -22.40149  -27.18348  -11.75343    0.01887
 -40.24246  -14.48567  -14.87957  -40.18520  -14.47512  -14.91808    0.06981
 -37.75201  -11.89620  -42.23845  -37.82264  -11.89118  -42.28353    0.08394
 -21.56241    8.50633  -38.40848  -21.55806    8.40475  -38.34937    0.11761
 -15.68561    9.59814  -36.15982  -15.64904    9.67796  -36.19283    0.09380
 -21.55851   -3.39120  -47.41290  -21.56638   -3.38078  -47.43820    0.02847
 -25.82740  -26.23381  -11.00060  -25.82782  -26.22712  -11.00843    0.01030
  -9.08963   17.09368   39.08582   -9.08148   17.09401   39.07723    0.01185
  34.60015   -5.81627  -14.13414   34.54048   -5.77600  -14.13338    0.07199
  -5.36378   12.02239   59.84588   -5.25255   11.94576   59.83087    0.13590
  -7.57337   -6.56462   17.61718   -7.53135   -6.53420   17.60377    0.05358
 -29.50923  -13.06991   -6.04662  -29.50774  -13.06026   -6.07323    0.02834
  30.99680   18.47686   10.05576   30.93371   18.40150    9.98629    0.12035
   9.41346   20.45665   -9.44831    9.46450   20.43797   -9.41595    0.06326
  21.75726  -12.51605   -1.60960   21.70490  -12.42773   -1.66705    0.11765
 -25.96260  -28.96142  -14.95289  -25.97388  -29.00529  -14.93488    0.04874
 -18.39181   -7.79905   -2.40478  -18.41120   -7.80516   -2.37135    0.03912
  35.05293    3.78762   12.07540   35.08976    3.78860   12.11053    0.05090
   3.21934   18.57262   60.81578    3.25794   18.47774   60.81326    0.10246
  14.02470   -0.03683   62.96524   14.02527   -0.03704   63.00096    0.03572
  -9.90580  -29.74843  -25.27753   -9.93755  -29.67946  -25.28703    0.07652
 -23.81751  -12.45702  -48.77303  -23.80911  -12.44023  -48.73425    0.04309
  -4.00217  -23.04721  -16.78859   -4.05400  -22.97004  -16.82694    0.10056
 -12.84118  -23.52279  -10.75532  -12.78159  -23.59174  -10.69859    0.10735
 -23.33889  -25.23863   -9.96513  -23.33548  -25.22524   -9.97992    0.02023
  33.80571   14.57684    9.88456   33.74245   14.52826    9.84728    0.08804
  -9.07757  -20.57314  -43.27811   -9.10223  -20.54962  -43.24597    0.04685
 -20.14897   -3.64956   -3.87929  -20.16559   -3.64625   -3.86909    0.01979
  18.26567   -7.90605   13.19682   18.23666   -7.75367   13.14819    0.16256
  10.34133   21.74971   40.90393   10.34513   21.72301   40.89818    0.02758
  22.40390   25.51107    0.39483   22.38922   25.47225    0.39095    0.04169
  24.06572  -13.97615   -6.50792   23.98350  -13.85474   -6.54028    0.15017
 -43.23062  -14.04329  -22.87524  -43.21340  -14.04019  -22.87895    0.01789
  20.39520   -1.89276   43.64859   20.48041   -1.98407   43.67208    0.12708
  16.52319    9.93242  -23.77771   16.49294    9.92609  -23.78365    0.03147
 -32.34005  -22.76121  -10.89292  -32.28413  -22.68179  -10.96604    0.12158
  33.36567   16.90092    6.51957   33.42254   16.95281    6.54810    0.08210
  -5.47505   23.45713   33.16619   -5.49049   23.40740   33.14099    0.05785
 -11.19979   21.37694   34.14045  -11.25417   21.45729   34.19686    0.11222
  17.14550    7.53982   63.08875   17.14833    7.53875   63.12814    0.03950
   7.32208   12.05738   63.16959    7.32084   12.06065   63.22237    0.05289
  29.31955  -10.00671   -5.04424   29.32183  -10.00999   -5.04443    0.00400
  10.48672   -3.41877   63.32433   10.48746   -3.41854   63.34664    0.02233
  32.52026   16.93626  -16.35592   32.50998   16.92815  -16.35261    0.01351
 -29.39139  -29.81749  -18.87036  -29.37635  -29.77029  -18.89467    0.05518
 -39.46316    2.33859  -29.49030  -39.50667    2.36969  -29.49233    0.05352
  -2.86795    8.88276  -13.53408   -2.86790    8.88177  -13.53396    0.00100
 -12.48685    5.14350    1.30282  -12.55350    5.22601    1.31001    0.10631
   3.43736   22.73415    8.05941    3.39551   22.78990    8.03856    0.07276
  36.64222    1.48385  -16.42341   36.63923    1.48341  -16.42217    0.00327
  -9.92461   25.01796   25.12260   -9.89953   24.92597   25.12519    0.09538
   3.14077  -17.99892  -13.63067    3.15813  -18.02654  -13.63134    0.03263
  15.78187   -5.97120   28.66077   15.79611   -6.11994   28.66714    0.14955
 -42.68064  -17.07858  -25.94249  -42.63695  -17.05765  -25.94462    0.04849
  30.07608   20.11194    7.89969   30.16050   20.20040    7.90947    0.12267
 -11.80921    7.92282  -35.59062  -11.78885    7.96676  -35.60578    0.05075
  21.59890   -7.49751   10.89096   21.61466   -7.55792   10.90619    0.06426
 -15.36927   14.86974   31.11212  -15.33860   14.88112   31.09182    0.03850
   3.84155   21.22382    2.61429    3.87429   21.20531    2.62692    0.03967
  28.48143  -11.90288  -14.70555   28.52868  -11.98157  -14.69928    0.09200
  19.21342   24.75517   10.88976   19.19427   24.69063   10.87512    0.06890
 -27.40964  -29.39997  -36.36591  -27.40994  -29.40097  -36.36635    0.00113
  -1.22319   23.35127   30.37496   -1.21843   23.37439   30.38101    0.02437
 -11.85666  -18.24085  -45.37291  -11.88308  -18.21825  -45.32915    0.05589
  21.25157    4.94187   58.67483   21.19539    4.95302   58.66902    0.05757
 -38.86704   -1.98178  -37.70037  -38.94144   -1.95789  -37.74179    0.08844
  -0.36922  -14.58560  -34.57708   -0.42257  -14.59059  -34.56562    0.05479
  15.15272   19.44246   54.68111   15.15940   19.45109   54.68315    0.01110
 -20.33492   -9.92659  -49.15708  -20.34322   -9.91910  -49.17562    0.02165
  39.35739    2.55300    3.90354   39.43161    2.53292    3.90680    0.07695
   1.44176   -4.03813   63.41961    1.44136   -4.03662   63.45096    0.03140
