150, PA5-A-Debug-Output.txt
 -35.51932   -1.40210  -40.61536  -36.06002   -1.02975  -41.06289    0.79453
 -12.61960  -30.12346  -32.52169  -12.54670  -30.24418  -32.55474    0.14485
  19.78447   21.05822  -28.64837   19.55144   20.80800  -28.12354    0.62639
  23.57480   14.93201   24.72350   24.99844   15.68186   25.21198    1.68155
  -0.73239   -9.68738  -32.66353   -1.07263   -9.87787  -32.48005    0.43094
 -15.39205  -32.53942  -26.01763  -15.54812  -31.97514  -26.05473    0.58664
  12.87822   16.96364  -13.21710   12.51858   16.68512  -13.43719    0.50533
  -8.51172   11.19015  -17.87004   -8.42442    8.38031  -18.02550    2.81550
   0.59558   11.76399   -4.23786    0.35462   12.34549   -4.46467    0.66906
  -8.47918  -23.86068   -8.78408   -9.22520  -21.85981  -10.46143    2.71543
 -19.31261   26.91649   13.17215  -12.99409   21.19493   19.20411   10.44243
  40.45854    3.32397  -14.59361   38.07415    2.93466  -13.19392    2.79213
 -16.20038   29.71296   12.74649  -11.70188   22.75966   19.81125   10.88558
  16.85092   -0.22050   71.91622   16.89306   -0.20203   62.96626    8.95008
   4.95673   17.09178   64.07983    4.92955   17.11544   63.18315    0.89740
  -1.02967   10.07193   69.76499   -1.02503    9.83767   63.34324    6.42603
  26.71136   -4.74266  -30.91695   27.40631   -2.48384  -27.86972    3.85627
  -9.25595   10.27106  -25.55408  -10.18869    8.83181  -25.20453    1.75033
  13.03879   -9.42814    7.75035   13.43876  -10.69683    8.17538    1.39650
 -32.01133  -17.31268  -44.45564  -32.24692  -17.41643  -44.78275    0.41625
  -5.51226   17.68891   36.34304   -5.44721   20.50178   38.24779    3.39772
  19.52453  -11.41610   -1.16515   20.04881  -12.62125   -0.44597    1.49816
  -7.59790    7.54604   68.85277   -5.42654    6.19860   63.31986    6.09455
 -15.93994  -13.27778   -1.42199  -15.33399  -12.47027   -2.73250    1.65429
 -11.69404    5.19743   33.60214   -8.02525    6.51094   33.03964    3.93722
  12.68045  -10.07040  -20.65511   12.68992  -10.09385  -20.67842    0.03439
   6.32843   20.36519   33.18335    6.20874   21.89236   33.45443    1.55565
 -14.30539   11.66698    8.06697  -10.12513    8.99780    8.76332    5.00839
 -22.64891    8.64698  -36.67098  -22.65011    9.22549  -37.16592    0.76135
  27.57512   16.47739  -28.75524   26.56942   15.44071  -27.50687    1.90908
  37.78472   11.36801    6.47991   37.84420   11.39857    6.50158    0.07030
  11.29802   16.48548  -10.43001   11.03542   16.38737  -10.73969    0.41771
  24.51369    9.17793   31.23814   25.76942    9.29014   31.58729    1.30819
  32.84322   -0.15121   12.23182   33.81100   -0.40923   13.16604    1.36965
  -4.27453  -23.10599  -32.42481   -3.85011  -23.64104  -32.51304    0.68861
  18.80645    0.24680   64.65576   18.01091    0.99843   62.97399    2.00653
 -41.10165   -7.44787  -40.69698  -39.48468   -7.87102  -39.75964    1.91631
  -6.20843   18.65497    5.56453   -3.15706   15.52962    7.11966    4.63650
  10.17707   17.31026   -9.72761    9.90835   17.20986  -10.04451    0.42745
 -36.45160  -13.08523  -43.36368  -36.72548  -13.17576  -43.58928    0.36620
  23.97777   25.11500  -20.67675   23.38002   24.16368  -20.41194    1.15431
 -10.54797  -15.05492  -43.74001   -9.65236  -15.70444  -45.21744    1.84575
  18.31819   14.38764   41.03845   21.09192   16.04508   41.66500    3.29138
  32.67630   -6.84809    0.80417   32.51964   -6.65317    0.80266    0.25008
  -2.85109    9.09171   -9.93110   -2.89834    9.24463   -9.96327    0.16326
 -40.99280  -13.60469  -12.28768  -39.35698  -13.31601  -13.41273    2.00623
  -9.11323   -1.84303   69.29642   -4.45186   -0.77905   63.28937    7.67757
  21.90967    8.88007   42.75549   23.55568    9.00940   43.06324    1.67952
 -11.56399  -28.78934  -34.60330  -11.46313  -28.97847  -34.70507    0.23727
  13.96749   26.35837    4.64587   14.06599   26.99015    4.75206    0.64816
  -8.96418  -18.80818   -3.00726   -8.79149  -16.23361   -5.15691    3.35845
  36.96038   -7.46445  -19.46600   33.94067   -5.30634  -18.63109    3.80437
 -38.37875  -18.82134  -12.09131  -37.33539  -18.33968  -12.73823    1.31875
  11.60648   -1.04308  -22.73813   11.67793   -1.38518  -21.94385    0.86777
  21.22403    3.71353   52.61951   21.76869    3.60303   52.71875    0.56455
 -25.28750   14.52021  -22.86005  -24.92462   11.63781  -23.61126    3.00070
  10.22118   21.55880   35.51829   10.19731   21.83830   35.56717    0.28475
  -1.97681   14.80578   50.44965   -2.87143   15.84296   50.43018    1.36985
  14.37075   13.76044   60.84292   14.28810   13.77104   63.11259    2.27120
  -7.81490    7.20144   -3.97943   -8.26688    7.95459   -3.90201    0.88176
   6.02860  -11.29333    7.45950    5.92004  -12.38006    7.47044    1.09219
 -33.40564   -8.46333  -44.88273  -33.97462   -8.24027  -45.54574    0.90170
  20.45165   -0.74657   50.15096   20.39713   -0.71954   50.14229    0.06147
   5.53572   19.79583   35.86492    5.51729   21.46671   35.92578    1.67209
   4.44775   -8.08988  -25.43203    4.18450   -8.17279  -25.06945    0.45567
   9.36250   19.64975   44.57246    9.02440   20.91567   44.67969    1.31467
  17.18215  -16.60553  -12.58007   17.15431  -16.78096  -12.64541    0.18926
  22.53156   -2.76827   31.51406   22.49574   -2.71945   31.50741    0.06091
  12.10762  -17.44973   -4.72125   12.24417  -16.90515   -4.85067    0.57616
 -11.80020    4.72208   29.40585   -8.98553    5.90560   28.43683    3.20345
 -20.10470   20.53647   18.73737  -15.61003   18.17174   20.90770    5.52307
 -10.16477  -29.86405  -28.71464  -10.24565  -29.71030  -28.68743    0.17585
  34.32785   11.04003  -28.61808   31.37368    9.77249  -26.49637    3.85167
   2.99101   11.23639   -7.16014    2.72149   11.93347   -7.49560    0.81921
 -15.38970    6.00098   -9.43847  -14.93013    5.14316   -9.75606    1.02369
  21.56204    0.61965   48.31013   21.36201    0.70814   48.28457    0.22022
  16.69821    1.93566  -24.32525   17.84288    1.84060  -22.84337    1.87491
   3.33500    7.79296  -16.19973    3.36253    7.84964  -16.25570    0.08428
  -6.50884    2.88434  -35.70337   -6.54670    2.85179  -35.68270    0.05404
  20.93365   26.25246    3.28935   20.77400   25.82852    3.25431    0.45436
  21.98347    1.03848   46.76225   21.76096    1.13417   46.71114    0.24755
  15.43967   -4.24381   56.95953   15.56114   -4.45046   56.97825    0.24044
 -11.06171   20.25128    5.65668   -5.24911   15.61989    9.58763    8.40765
  26.60496   23.56178  -23.95337   25.14237   22.06347  -22.51736    2.53894
 -21.01734  -23.53165  -44.34685  -21.11384  -23.80951  -44.64685    0.42014
  23.62312   -8.11262    1.81309   23.97480   -9.60567    2.33524    1.62034
  -9.83992  -17.17802  -43.58158   -9.78323  -17.24762  -44.56251    0.98503
   7.21454   23.91764    9.70867    6.87635   25.13556    9.76908    1.26545
  28.40129   14.19448  -29.53074   27.35683   13.42835  -28.21612    1.84555
  10.24575   -0.82655  -22.11776   10.28525   -1.07521  -21.65711    0.52497
  -4.80994   20.60999    5.83394   -1.67468   17.98013    7.88902    4.57924
 -20.41967   25.65614   17.17708  -13.67982   21.80388   20.98571    8.64703
 -11.29020    6.96284   -8.83572  -11.15845    6.64847   -8.85904    0.34165
  36.51631   -7.57152  -16.98403   34.34930   -5.80702  -16.22424    2.89598
  12.63168   20.48128  -22.22266   12.03479   20.74071  -22.16895    0.65304
  36.32397   -2.74021  -25.93258   33.23721   -1.98368  -23.52491    3.98715
  10.25863  -10.88177  -21.12849   10.21098  -10.76373  -21.01114    0.17314
 -34.82454  -24.60286  -12.77529  -33.96252  -23.59560  -13.51793    1.51960
  37.82743   11.59881    6.07645   37.87384   11.62220    6.07685    0.05197
  10.75894  -17.13382   -4.04089   10.93669  -16.42492   -4.20936    0.75001
  35.25591   14.48127  -21.64014   33.22884   13.26217  -20.65583    2.56204
 -13.32503   -1.78723    8.94305  -13.10011   -1.75576    8.85112    0.24500
  -8.13888    7.60830   -1.77712   -8.41454    8.07161   -1.83208    0.54191
  -1.21317   17.62378    3.27343   -0.35712   16.62095    4.14238    1.57910
   1.13287   -7.94921   20.03549    1.08914   -9.56417   20.26805    1.63220
 -23.06199  -21.32876  -45.41850  -23.18169  -21.57717  -45.74230    0.42530
 -29.50164    8.64489  -34.46507  -29.32147    8.36440  -34.40127    0.33942
 -33.64267    1.32886  -40.15581  -33.86992    1.65324  -40.51102    0.53201
  34.86425   15.35727   -4.26010   34.86255   15.35560   -4.26018    0.00238
  18.19632   -5.27672   21.36936   18.37561   -6.31197   21.45677    1.05430
  18.84614  -11.12279  -20.03928   18.81878  -11.19503  -20.12146    0.11279
  19.27477    8.34682   59.00701   21.38593    8.49907   59.28688    2.13507
   9.05605   10.49400  -12.08957    9.03624   10.57197  -12.21726    0.15092
  -7.10981    7.80876   -2.98160   -7.56463    8.45110   -3.07258    0.79230
  -1.12180  -18.18219  -35.56342   -1.40764  -18.10095  -35.36583    0.35685
  15.35417   -5.38588   18.40404   15.54747   -7.11785   18.68655    1.76547
  25.15453  -13.01139   -9.36773   25.45332  -13.39555   -9.29313    0.49236
  -1.77332  -23.44524  -29.42537   -2.24776  -23.01028  -29.27040    0.66204
 -13.93792    7.63841  -11.39993  -13.48454    6.54292  -11.70521    1.22428
   4.84123   -5.27477   29.04814    5.10585   -7.41150   29.12914    2.15457
  -2.39419  -24.81069  -16.60270   -3.60712  -23.00447  -17.50018    2.35353
   4.64234   11.27178   71.21935    4.50397   10.85252   63.30111    7.93054
   5.16649  -17.90071  -13.86360    4.77387  -17.11178  -13.84688    0.88138
   5.97157    1.87724  -21.14252    5.89459    1.65345  -20.87306    0.35863
 -28.38915  -18.74553   -2.92708  -28.17280  -18.96367   -7.20658    4.29051
 -13.37421   -6.62765  -45.13697  -12.49477   -6.53295  -47.54700    2.56722
 -34.66404  -10.00132  -44.45189  -35.14816   -9.86542  -45.01651    0.75606
  37.66843   -3.45186  -19.88954   35.32162   -2.45887  -18.78162    2.77868
  34.64118   12.74904  -25.37584   32.41044   11.77893  -23.80276    2.89687
  -7.44330   29.27765   10.70208   -5.12223   22.03022   15.91861    9.22631
   0.65052   15.61414   68.81047    1.98272   14.44248   63.20195    5.88243
 -11.21015   17.50238    5.63822   -6.74523   13.21899    8.92246    7.00494
 -14.20463    3.40472    4.72260  -13.43270    3.14316    4.64481    0.81874
   2.46680    1.81446  -22.90465    2.33906    1.61689  -22.63402    0.35860
   3.50915   -4.27202  -24.59213    3.54379   -4.26019  -24.64629    0.06536
  37.94860   13.00885  -11.37994   36.31880   12.55858  -11.19490    1.70095
   1.31359    6.41323   69.63286    1.59900    6.49908   63.47854    6.16152
 -43.58667   -2.20558  -20.90302  -42.20989   -2.86015  -21.02682    1.52948
  10.98338   -4.74882   38.34350   11.10233   -6.27744   38.23126    1.53735
  -1.29719   15.46462    1.75934   -0.89440   14.95081    2.07018    0.72309
  34.48612   14.48413  -23.52487   32.47640   13.05400  -22.41037    2.70673
 -23.09535    6.46835  -13.65932  -22.96183    5.76130  -14.52291    1.12407
 -16.99387  -28.32822  -11.96034  -17.23868  -27.41628  -12.73669    1.22241
   3.31524    7.73185  -16.30916    3.33458    7.77164  -16.34845    0.05917
  35.89106   13.90184    6.01060   36.14452   14.13401    6.13099    0.36420
  20.46125   -5.38353  -27.96018   21.95014   -4.58258  -25.21345    3.22535
 -26.50298  -31.30954  -12.82796  -26.06157  -28.69214  -14.22691    3.00044
  19.16146    8.20460   59.90097   21.27756    8.35721   60.18149    2.14006
  17.60391   -7.20541   10.21358   17.96937   -8.59828   10.56532    1.48235
  17.29571   24.88708  -24.92388   17.34106   24.58663  -24.85974    0.31055
