20, PA3-H-Unknown-Output.txt
   2.51675  -13.64304    8.64420    2.83203  -11.96537    8.47300    1.71560
  -4.31288  -12.33908  -37.45976   -2.14691  -12.27012  -38.16811    2.27991
 -35.97575   -7.62909  -42.13914  -36.66262   -7.35385  -42.91870    1.07483
 -12.46123   -5.13611  -43.20165  -10.62695   -3.82232  -45.43110    3.17191
 -37.51413  -23.27115  -10.87544  -35.61271  -21.49673  -12.86821    3.27645
  17.49589  -12.37524    7.02796   16.73547  -10.90893    6.27997    1.81323
  -4.97826    6.60240   -9.86042   -5.48471    8.78909   -9.98510    2.24804
  -2.41780   -5.19408   43.40770   -2.66719   -5.49876   43.44962    0.39595
  19.44646   -8.83541   15.02223   19.10962   -7.22871   14.60490    1.69384
  28.59847   19.19417   -1.72281   29.96471   20.97556   -1.81986    2.24709
  11.92295   21.64456   59.99103   11.77641   20.34841   59.83183    1.31409
  10.98519   22.06116   27.42188   10.98470   23.05979   27.62128    1.01834
 -30.13732  -30.10530  -11.88124  -28.72572  -27.64798  -13.94634    3.50652
  22.99909   12.64672   39.24094   23.24250   12.72054   39.27415    0.25652
 -32.16006  -12.27980   -5.74997  -31.74846  -12.42272   -6.60588    0.96044
 -20.43953  -13.96931   -2.57489  -20.00308  -12.85159   -4.64222    2.39032
  -1.73114  -20.68699  -32.88304   -1.61600  -20.77810  -32.93078    0.15440
 -33.67049    4.55119  -31.75179  -34.88963    6.01896  -32.28990    1.98248
  16.90334   -4.49949   43.59207   17.03667   -4.72776   43.60639    0.26474
 -41.31220  -19.89575  -32.95185  -40.08921  -19.72656  -32.58864    1.28695
