15, PA3-C-Debug-Output.txt
  -6.62980  -11.23171  -45.61976   -7.42447  -11.12887  -44.72323    1.20244
   1.27337   20.50700   40.69058    1.26942   20.56735   40.70116    0.06139
   9.17435   -6.24629   41.38854    9.21176   -6.56761   41.38262    0.32355
  33.32071   10.73926  -22.80955   33.24291   10.71688  -22.77297    0.08884
  19.80655   17.70895   33.46226   20.98632   18.41326   33.83265    1.42306
  27.51716   -8.17727    6.19635   27.51501   -8.14967    6.18664    0.02933
  -8.77465    6.25957   46.45507   -6.95442    6.25081   46.40286    1.82100
  27.63058  -11.79476  -12.06240   27.82258  -12.01527  -11.99464    0.30014
 -18.01971  -16.24858  -49.98850  -18.33341  -15.50177  -48.28537    1.88594
 -38.99211    4.33103  -25.79683  -38.55600    3.92910  -25.85199    0.59563
   9.98029   18.35265   60.85936    9.67124   18.97260   61.32234    0.83319
 -26.58910  -31.38179  -34.63345  -26.45985  -30.85011  -34.34533    0.61839
   2.60478  -16.25049  -23.46767    2.67488  -16.29032  -23.49928    0.08660
  15.06873    6.58568  -21.15873   15.99697    6.31017  -20.37768    1.24402
  20.79675   17.23445   30.85510   21.73253   18.22545   31.02184    1.37316
