20, PA3-G-Unknown-Output.txt
 -13.66093   12.38037   30.02801  -13.96138   11.96082   30.24026    0.55799
  16.00902   24.41337    8.53591   16.55037   26.03651    9.01081    1.77572
   9.75001   15.57415  -10.16029    9.92203   15.53096   -9.94482    0.27908
   5.92138  -14.03019    6.06231    6.04917  -12.46277    5.67968    1.61850
 -37.34997  -18.28751  -37.66379  -38.28534  -18.79157  -38.16240    1.17371
  26.83089  -16.37914  -13.84522   25.17051  -14.24492  -13.94931    2.70603
  -0.13255   -7.30620  -32.52881   -1.53784   -7.60746  -31.75781    1.63097
  -9.88262    5.21290    7.93794  -11.57788    6.10461    7.81450    1.91944
   2.94738   -7.89335   43.95915    3.00632   -6.88697   43.93272    1.00845
 -13.05621   -0.99762  -46.15696  -13.19307   -1.20329  -45.85002    0.39401
 -13.94462    8.49929  -24.66689  -12.66649   10.55620  -25.03524    2.44953
  40.29929    8.73917    0.03356   39.47782    8.51807    0.01927    0.85082
  24.53199   -6.02643   19.93087   23.89976   -4.82576   19.59675    1.39749
   8.63132   10.53421   61.70053    8.70372   10.54372   63.20619    1.50742
  16.39106   10.53279  -18.98888   15.45703   10.35526  -19.17349    0.96851
  17.69896   17.00208  -32.39517   17.72760   16.39853  -31.08249    1.44506
   1.41722  -12.94890  -34.57983   -0.21868  -12.93641  -33.89556    1.77329
  -9.33345   -5.34089   11.30314   -9.83289   -5.64115   11.50410    0.61643
   2.14636   -3.80009   62.05023    2.17889   -3.73926   63.43057    1.38206
  -0.16086    7.89596   -9.51282   -0.37054    9.96025  -10.00652    2.13283
