20, PA3-J-Unknown-Output.txt
  21.48054   -0.92945   49.72730   20.59832   -0.49203   49.58690    0.99467
  25.36021    6.03934   25.74393   27.53223    5.82745   26.43426    2.28892
   8.03087   10.08615  -11.70728    7.97719   10.55353  -11.99916    0.55365
 -18.63137   -7.60049    0.56204  -17.10730   -7.30821   -0.36094    1.80557
 -42.51688  -18.55347  -38.61478  -39.02486  -17.67600  -37.90226    3.67040
 -26.50743    8.89617  -26.41379  -27.51944   11.22989  -26.32870    2.54512
 -14.45523   -0.12935    9.75493  -13.19369    0.04715    9.23932    1.37422
  36.75827   -1.19425  -14.12566   36.81161   -1.23223  -14.14794    0.06917
  25.92916    7.36270   25.89101   27.42662    7.53652   26.29886    1.56171
  21.39676   17.33706   23.26668   23.43354   18.90309   23.90491    2.64732
  -2.01909  -12.95812   17.43374   -1.97711  -10.11832   16.84873    2.89974
   9.76059   21.31162   -8.28317    9.39521   21.63356   -8.46912    0.52128
 -28.98131  -32.80279  -16.23596  -27.07630  -30.43071  -17.64476    3.35270
  32.31869   13.03283    2.47067   35.57099   15.26602    2.28109    3.94975
   2.84326  -17.90556  -21.85652    2.53925  -17.71979  -21.73337    0.37696
  -7.95228    6.11596   35.80134   -7.57493    6.25296   35.76055    0.40352
  -9.61604   -8.59271   17.33979   -7.71924   -6.56067   16.83597    2.82505
   7.09406   -7.80184   62.61817    7.05362   -7.35228   62.46861    0.47551
  -1.82763   21.09074   28.92203   -1.38057   23.61421   29.49719    2.62650
 -43.98913  -20.70417  -17.65358  -40.58624  -19.38949  -19.05536    3.90808
