15, PA3-F-Debug-Output.txt
 -33.93537  -28.70885  -20.33642  -33.41651  -28.05824  -20.53326    0.85514
   4.31103  -20.11548  -14.88943    3.13314  -18.03885  -14.90913    2.38751
  -6.37826   -5.71446   33.40903   -5.16064   -4.61291   32.81486    1.74615
  -9.27443  -29.37243  -38.63571  -10.81595  -27.29781  -37.41410    2.85878
 -38.37045    0.91475  -25.07241  -39.95337    1.99688  -25.06008    1.91750
  -5.78249  -29.91310  -19.62803   -7.35776  -27.20945  -20.30206    3.20085
  21.23345  -13.60739    2.31277   20.34732  -11.57048    1.09725    2.53213
   8.05347  -18.53497   -3.29949    8.60453  -15.89527   -4.33914    2.89008
  24.07122    7.79598  -30.11302   23.98061    7.75476  -30.48277    0.38291
 -37.64735   -2.07730  -36.55148  -39.05924   -1.62391  -37.33759    1.67839
   2.32705   -9.32946  -27.27559    1.86142   -9.31815  -26.85337    0.62866
   0.73729  -14.46038  -31.42425    0.15170  -14.43512  -31.40180    0.58656
 -15.77946    9.29416  -23.20979  -15.94107   11.05783  -22.41678    1.94050
  -9.89397    9.51445   35.96005   -8.81803   10.05990   35.62359    1.25235
  -1.26430  -22.15121  -37.61715   -3.34178  -20.65340  -36.26683    2.89529
