15, PA3-B-Debug-Output.txt
  11.16299   19.12816  -26.09250   11.24433   19.10911  -26.07580    0.08520
 -29.93086  -33.22951  -31.15679  -28.96628  -30.94549  -30.72831    2.51610
  -8.32806    2.91947   31.06784   -7.63589    3.03227   30.91653    0.71744
   1.15508   11.01661   -8.29899    1.18421   10.94645   -8.26507    0.08320
 -31.61757   -5.26328  -12.85190  -32.46366   -3.96838   -9.86385    3.36468
 -24.43960   -0.75184  -14.42152  -25.33479    0.98430  -12.44331    2.78008
 -16.62242   15.47350   17.48228  -14.82940   16.06013   18.88482    2.35078
  12.62852   22.04893   16.64072   12.70262   24.55314   16.98670    2.52908
  30.57246    4.12656  -29.96188   29.80390    3.90038  -28.73929    1.46171
  17.56203   24.27749  -10.29312   17.56750   25.91983  -10.53765    1.66045
 -22.81208    3.89262  -44.37919  -22.82804    3.48006  -43.78946    0.71990
 -16.48848  -33.90217  -28.16496  -16.71815  -32.36989  -28.03741    1.55465
  27.77454   17.55376  -24.53951   27.67168   17.47054  -24.45104    0.15916
  31.58844   -2.08669   11.52179   32.61150   -3.00047   12.40529    1.63164
  27.25476    5.82329  -32.88886   27.02837    6.16399  -30.05042    2.86776
