15, PA3-D-Debug-Output.txt
 -26.31939  -16.08582  -49.89396  -25.75927  -15.83627  -47.77682    2.20415
  33.13406   14.14405  -13.38013   34.70063   14.85514  -13.97638    1.82080
  31.71909    5.50957  -25.26459   32.30179    5.46503  -25.59731    0.67248
   2.85776  -10.65437   14.82121    2.85060  -10.60049   14.80785    0.05597
 -30.75321  -22.20760  -10.12337  -30.98649  -22.53889   -9.81836    0.50714
  12.43589   -9.52992   12.14040   12.41583   -9.43938   12.10027    0.10105
 -15.00991   17.94738   34.50571  -14.07836   17.73452   33.94198    1.10945
  -2.19292  -17.51782   -6.98782   -2.22701  -17.13825   -7.17458    0.42440
  -8.48249  -27.25839  -37.97146   -9.16911  -26.22146  -37.32667    1.40086
 -11.51067    6.43822   49.44453   -7.16301    5.87710   49.68609    4.39037
  -9.59248  -27.55088  -18.08350   -9.47377  -27.78244  -18.02561    0.26658
 -44.22206  -10.72737  -23.83072  -43.90406  -10.67821  -23.92195    0.33446
  15.42274   19.93007   35.51362   15.44614   21.76373   36.08316    1.92021
  -5.15204  -18.60613   -8.49794   -5.19629  -18.17795   -8.68783    0.47048
   3.33449   22.29966   27.79139    3.45898   23.17946   27.91469    0.89708
