15, PA3-E-Debug-Output.txt
  17.65547   10.81846   54.13018   21.13693   12.02602   54.31716    3.68967
 -32.65383  -30.13329  -39.42845  -30.95628  -27.18010  -37.64087    3.84688
 -17.77601  -19.37085  -49.05963  -18.09330  -18.81590  -47.16640    1.99825
 -31.03134    6.13544  -36.12440  -31.27661    6.58560  -36.34287    0.55725
 -27.78373    4.92333  -41.20356  -27.72283    4.81324  -41.08617    0.17208
   6.27867   10.04569  -13.41006    6.32519    9.64065  -13.15712    0.47979
  14.30129    1.41454  -24.56370   15.45900    1.22866  -21.52355    3.25843
 -19.87976    5.49666  -40.40933  -20.02593    6.13481  -40.92063    0.83068
  23.73557    3.84194   24.54073   27.51105    3.47253   25.80109    3.99741
  14.13614   -7.96562   23.20310   13.97369   -6.78932   23.08041    1.19379
 -18.06895   -7.06271    0.07390  -17.22970   -6.90177   -0.43435    0.99426
  -2.28196   -5.06556  -27.61830   -0.78391   -4.32855  -28.66912    1.97271
 -41.51150  -13.61948  -42.49447  -38.68369  -13.27770  -40.83609    3.29599
  30.09727   15.19825   -6.44416   33.02990   17.64569   -6.29841    3.82251
  14.24992   -9.29452   11.87144   14.18223   -9.09161   11.78255    0.23163
