15, PA3-A-Debug-Output.txt
   5.75771   19.75264   -3.01777    5.75630   19.75326   -3.01834    0.00164
  17.90666   25.32838  -18.84287   17.90731   25.32410  -18.84304    0.00434
 -39.30009  -22.32570  -30.75257  -39.30331  -22.32773  -30.75337    0.00389
  -9.82757  -13.44235   -1.22125   -9.82755  -13.44231   -1.22128    0.00005
 -24.99293  -28.75779  -38.54037  -24.99314  -28.76098  -38.54293    0.00409
 -41.37003  -14.70560  -29.90157  -41.37132  -14.70519  -29.90241    0.00159
  33.83443   16.25335    7.01086   33.83172   16.25087    7.00950    0.00392
  -2.48502   -7.41132   29.48201   -2.48580   -7.41658   29.48323    0.00545
  26.65360   23.29656  -10.08941   26.65163   23.29212  -10.08917    0.00487
   3.48441    8.81467  -14.49923    3.48445    8.81625  -14.49995    0.00174
 -22.84700  -12.85720  -48.78797  -22.84708  -12.85733  -48.78836    0.00042
  23.77236   -6.19174   13.76863   23.77248   -6.19226   13.76873    0.00054
  -6.24774   10.36585    2.06087   -6.24835   10.36658    2.06064    0.00098
 -39.00797  -17.63317  -14.57115  -39.00704  -17.63274  -14.57188    0.00126
 -24.84466  -11.01359   -6.08798  -24.84497  -11.01360   -6.08695    0.00108
